1 	 0.1611 	 40 	 1
2 	 0.2355 	 40 	 4
3 	 0.2410 	 40 	 5
4 	 0.3099 	 40 	 10
5 	 0.3154 	 40 	 11
6 	 0.3210 	 40 	 12
7 	 0.3265 	 40 	 13
8 	 0.3869 	 40 	 37
9 	 0.3951 	 40 	 40
10 	 0.4033 	 40 	 43
11 	 0.4115 	 40 	 46
12 	 0.4198 	 40 	 51
13 	 0.4280 	 40 	 56
14 	 0.4362 	 40 	 61
15 	 0.4444 	 40 	 66
16 	 0.4819 	 40 	 84
17 	 0.4902 	 40 	 87
18 	 0.4984 	 40 	 90
19 	 0.5066 	 40 	 94
20 	 0.5148 	 40 	 99
21 	 0.5230 	 40 	 104
22 	 0.5312 	 40 	 109
23 	 0.5394 	 40 	 114
24 	 0.5477 	 40 	 118
25 	 0.5559 	 40 	 122
26 	 0.5641 	 40 	 126
27 	 0.5723 	 40 	 130
28 	 0.5805 	 40 	 134
29 	 0.5887 	 40 	 138
30 	 0.5970 	 48 	 142
31 	 0.6239 	 48 	 153
32 	 0.6322 	 56 	 156
33 	 0.6406 	 64 	 159
34 	 0.6488 	 64 	 162
35 	 0.6570 	 64 	 165
36 	 0.6652 	 64 	 169
37 	 0.6734 	 64 	 172
38 	 0.6843 	 64 	 176
39 	 0.6952 	 64 	 180
40 	 0.7034 	 64 	 183
41 	 0.7116 	 64 	 186
42 	 0.7198 	 64 	 189
43 	 0.7280 	 64 	 192
44 	 0.7362 	 64 	 196
45 	 0.7685 	 64 	 208
46 	 0.8193 	 64 	 225
47 	 0.8301 	 56 	 228
48 	 0.8409 	 48 	 232
49 	 0.8517 	 40 	 238
50 	 0.8839 	 40 	 252
51 	 0.8921 	 40 	 255
52 	 0.9003 	 40 	 258
53 	 0.9352 	 40 	 271
54 	 0.9434 	 40 	 274
55 	 0.9543 	 40 	 277
56 	 0.9625 	 40 	 280
57 	 0.9707 	 40 	 285
58 	 0.9789 	 40 	 289
59 	 0.9898 	 40 	 293
0 	 1.0167 	 40 	 304
1 	 1.0275 	 40 	 309
2 	 1.0599 	 48 	 321
3 	 1.0707 	 48 	 325
4 	 1.0843 	 48 	 329
5 	 1.0952 	 48 	 334
6 	 1.1061 	 48 	 338
7 	 1.1169 	 48 	 343
8 	 1.1278 	 48 	 347
9 	 1.1494 	 48 	 353
10 	 1.1576 	 48 	 356
11 	 1.1658 	 48 	 359
12 	 1.1927 	 48 	 368
13 	 1.2062 	 48 	 373
14 	 1.2197 	 40 	 378
15 	 1.2705 	 40 	 394
16 	 1.2814 	 40 	 398
17 	 1.3056 	 40 	 406
18 	 1.3218 	 40 	 412
19 	 1.3354 	 40 	 417
20 	 1.3756 	 40 	 432
21 	 1.3865 	 40 	 435
22 	 1.4080 	 40 	 443
23 	 1.4162 	 40 	 446
24 	 1.4298 	 40 	 451
25 	 1.4460 	 40 	 457
26 	 1.4782 	 40 	 470
27 	 1.4918 	 40 	 475
28 	 1.5106 	 40 	 482
29 	 1.5215 	 40 	 485
30 	 1.5297 	 40 	 489
31 	 1.5406 	 40 	 493
32 	 1.5595 	 40 	 501
33 	 1.5864 	 40 	 511
34 	 1.5999 	 40 	 517
35 	 1.6188 	 40 	 524
36 	 1.6297 	 40 	 527
37 	 1.6406 	 40 	 532
38 	 1.6541 	 40 	 537
39 	 1.6623 	 40 	 541
40 	 1.6785 	 40 	 547
41 	 1.7027 	 40 	 558
42 	 1.7163 	 40 	 563
43 	 1.7352 	 40 	 570
44 	 1.7461 	 40 	 573
45 	 1.7596 	 40 	 579
46 	 1.7758 	 40 	 585
47 	 1.7867 	 40 	 590
48 	 1.7949 	 40 	 594
49 	 1.8085 	 40 	 599
50 	 1.8300 	 40 	 607
51 	 1.8435 	 40 	 614
52 	 1.8624 	 40 	 620
53 	 1.8760 	 40 	 626
54 	 1.8895 	 40 	 630
55 	 1.9057 	 40 	 636
56 	 1.9193 	 40 	 642
57 	 1.9302 	 40 	 646
58 	 1.9437 	 40 	 652
59 	 1.9519 	 40 	 656
0 	 1.9681 	 40 	 662
1 	 1.9817 	 40 	 667
2 	 1.9979 	 40 	 674
3 	 2.0114 	 40 	 680
4 	 2.0223 	 40 	 684
5 	 2.0385 	 40 	 690
6 	 2.0547 	 40 	 698
7 	 2.0764 	 48 	 705
8 	 2.0981 	 56 	 712
9 	 2.1116 	 56 	 718
10 	 2.1278 	 56 	 723
11 	 2.1414 	 56 	 728
12 	 2.1549 	 56 	 734
13 	 2.1711 	 56 	 739
14 	 2.1873 	 56 	 744
15 	 2.2062 	 56 	 749
16 	 2.2278 	 56 	 756
17 	 2.2412 	 48 	 761
18 	 2.3107 	 48 	 783
19 	 2.3295 	 40 	 788
20 	 2.3431 	 40 	 795
21 	 2.3513 	 40 	 798
22 	 2.4022 	 40 	 815
23 	 2.4104 	 40 	 818
24 	 2.4239 	 40 	 823
25 	 2.4401 	 40 	 829
26 	 2.4510 	 40 	 834
27 	 2.4592 	 40 	 838
28 	 2.4968 	 40 	 852
29 	 2.5077 	 40 	 856
30 	 2.5212 	 40 	 860
31 	 2.5374 	 40 	 866
32 	 2.5510 	 40 	 872
33 	 2.5618 	 40 	 876
34 	 2.5701 	 40 	 880
35 	 2.5969 	 40 	 890
36 	 2.6105 	 40 	 896
37 	 2.6240 	 40 	 901
38 	 2.6402 	 40 	 907
39 	 2.6565 	 40 	 914
40 	 2.6673 	 40 	 918
41 	 2.6809 	 40 	 923
42 	 2.6891 	 40 	 927
43 	 2.7080 	 40 	 934
44 	 2.7242 	 40 	 941
45 	 2.7377 	 40 	 945
46 	 2.7539 	 40 	 952
47 	 2.7702 	 40 	 959
48 	 2.7837 	 40 	 964
49 	 2.7973 	 40 	 969
50 	 2.8081 	 40 	 974
51 	 2.8270 	 40 	 981
52 	 2.8352 	 40 	 985
53 	 2.8488 	 40 	 990
54 	 2.8623 	 40 	 995
55 	 2.8812 	 40 	 1004
56 	 2.8974 	 40 	 1010
57 	 2.9110 	 40 	 1015
58 	 2.9245 	 40 	 1020
59 	 2.9381 	 40 	 1025
0 	 2.9569 	 40 	 1033
1 	 2.9678 	 40 	 1037
2 	 2.9760 	 40 	 1041
3 	 2.9842 	 40 	 1044
4 	 3.0005 	 40 	 1051
5 	 3.0167 	 40 	 1059
6 	 3.0329 	 40 	 1065
7 	 3.0464 	 40 	 1069
8 	 3.0573 	 40 	 1074
9 	 3.0735 	 40 	 1080
10 	 3.0897 	 40 	 1087
11 	 3.1033 	 40 	 1092
12 	 3.1196 	 48 	 1098
13 	 3.1333 	 56 	 1103
14 	 3.1495 	 56 	 1109
15 	 3.1657 	 56 	 1116
16 	 3.1792 	 56 	 1121
17 	 3.1901 	 56 	 1125
18 	 3.2063 	 56 	 1130
19 	 3.2225 	 56 	 1135
20 	 3.2387 	 56 	 1141
21 	 3.2523 	 56 	 1145
22 	 3.2658 	 56 	 1149
23 	 3.2819 	 48 	 1155
24 	 3.3487 	 40 	 1177
25 	 3.3623 	 40 	 1181
26 	 3.3785 	 40 	 1186
27 	 3.3947 	 40 	 1195
28 	 3.4029 	 40 	 1198
29 	 3.4485 	 40 	 1213
30 	 3.4647 	 40 	 1218
31 	 3.4729 	 40 	 1221
32 	 3.4864 	 40 	 1226
33 	 3.5026 	 40 	 1233
34 	 3.5135 	 40 	 1237
35 	 3.5484 	 40 	 1251
36 	 3.5646 	 40 	 1256
37 	 3.5755 	 40 	 1260
38 	 3.5917 	 40 	 1266
39 	 3.5999 	 40 	 1270
40 	 3.6135 	 40 	 1275
41 	 3.6243 	 40 	 1280
42 	 3.6539 	 40 	 1291
43 	 3.6701 	 40 	 1297
44 	 3.6837 	 40 	 1302
45 	 3.6999 	 40 	 1308
46 	 3.7107 	 40 	 1313
47 	 3.7190 	 40 	 1317
48 	 3.7298 	 40 	 1320
49 	 3.7434 	 40 	 1327
50 	 3.7703 	 40 	 1337
51 	 3.7865 	 40 	 1343
52 	 3.8000 	 40 	 1348
53 	 3.8162 	 40 	 1354
54 	 3.8298 	 40 	 1359
55 	 3.8407 	 40 	 1364
56 	 3.8489 	 40 	 1368
57 	 3.8598 	 40 	 1372
58 	 3.8733 	 40 	 1378
59 	 3.8975 	 40 	 1388
0 	 3.9137 	 40 	 1394
1 	 3.9273 	 40 	 1399
2 	 3.9435 	 40 	 1405
3 	 3.9570 	 40 	 1410
4 	 3.9706 	 40 	 1416
5 	 3.9815 	 40 	 1420
6 	 3.9950 	 40 	 1426
7 	 4.0032 	 40 	 1430
8 	 4.0114 	 40 	 1433
9 	 4.0303 	 40 	 1440
10 	 4.0465 	 40 	 1449
11 	 4.0627 	 40 	 1455
12 	 4.0763 	 40 	 1459
13 	 4.0898 	 40 	 1464
14 	 4.1061 	 40 	 1470
15 	 4.1169 	 40 	 1475
16 	 4.1305 	 40 	 1480
17 	 4.1414 	 40 	 1485
18 	 4.1497 	 48 	 1489
19 	 4.1686 	 48 	 1496
20 	 4.1955 	 56 	 1506
21 	 4.2091 	 56 	 1511
22 	 4.2226 	 56 	 1515
23 	 4.2389 	 56 	 1522
24 	 4.2497 	 56 	 1525
25 	 4.2659 	 56 	 1530
26 	 4.2768 	 56 	 1534
27 	 4.2850 	 56 	 1537
28 	 4.3039 	 56 	 1543
29 	 4.3280 	 48 	 1552
30 	 4.3868 	 40 	 1557
31 	 4.3977 	 40 	 1558
32 	 4.4139 	 40 	 1559
33 	 4.4194 	 40 	 1561
34 	 4.4250 	 40 	 1562
35 	 4.4612 	 40 	 1568
36 	 4.4721 	 40 	 1569
37 	 4.4776 	 40 	 1570
38 	 4.4883 	 40 	 1571
39 	 4.4938 	 40 	 1573
40 	 4.4994 	 40 	 1574
