1 	 0.1611 	 40 	 1
2 	 0.2355 	 40 	 4
3 	 0.2410 	 40 	 5
4 	 0.3099 	 40 	 10
5 	 0.3154 	 40 	 11
6 	 0.3210 	 40 	 12
7 	 0.3265 	 40 	 13
8 	 0.3869 	 40 	 37
9 	 0.3951 	 40 	 40
10 	 0.4033 	 40 	 43
11 	 0.4115 	 40 	 46
12 	 0.4198 	 40 	 51
13 	 0.4280 	 40 	 56
14 	 0.4362 	 40 	 61
15 	 0.4444 	 40 	 66
16 	 0.4819 	 40 	 84
17 	 0.4902 	 40 	 87
18 	 0.4984 	 40 	 90
19 	 0.5066 	 40 	 94
20 	 0.5148 	 40 	 99
21 	 0.5230 	 40 	 104
22 	 0.5312 	 40 	 109
23 	 0.5394 	 40 	 114
24 	 0.5477 	 40 	 118
25 	 0.5532 	 40 	 120
26 	 0.5614 	 40 	 124
27 	 0.5696 	 40 	 128
28 	 0.5752 	 40 	 132
29 	 0.6021 	 40 	 141
30 	 0.6103 	 40 	 145
31 	 0.6185 	 40 	 148
32 	 0.6267 	 40 	 152
33 	 0.6349 	 40 	 155
34 	 0.6431 	 40 	 158
35 	 0.6513 	 40 	 161
36 	 0.6595 	 40 	 164
37 	 0.6678 	 40 	 167
38 	 0.6760 	 40 	 170
39 	 0.6815 	 40 	 172
40 	 0.7004 	 40 	 178
41 	 0.9749 	 40 	 249
42 	 1.0509 	 40 	 271
43 	 1.0591 	 40 	 274
44 	 1.1269 	 40 	 296
45 	 1.1351 	 40 	 299
46 	 1.1433 	 40 	 302
47 	 1.1515 	 40 	 305
48 	 1.2029 	 40 	 325
49 	 1.2111 	 40 	 328
50 	 1.2193 	 40 	 331
51 	 1.2302 	 40 	 334
52 	 1.2384 	 40 	 342
53 	 1.2466 	 40 	 347
54 	 1.2869 	 40 	 359
55 	 1.2951 	 40 	 362
56 	 1.3033 	 40 	 365
57 	 1.3115 	 40 	 368
58 	 1.3197 	 40 	 371
59 	 1.3279 	 40 	 374
0 	 1.3361 	 40 	 378
1 	 1.3923 	 40 	 398
2 	 1.4032 	 40 	 402
3 	 1.4141 	 40 	 405
4 	 1.4223 	 40 	 408
5 	 1.4305 	 40 	 412
6 	 1.4414 	 40 	 417
7 	 1.4843 	 40 	 434
8 	 1.4978 	 40 	 438
9 	 1.5114 	 40 	 443
10 	 1.5223 	 40 	 447
11 	 1.5305 	 40 	 451
12 	 1.5387 	 40 	 455
13 	 1.5496 	 40 	 459
14 	 1.5845 	 40 	 474
15 	 1.5980 	 40 	 478
16 	 1.6142 	 40 	 483
17 	 1.6278 	 40 	 489
18 	 1.6386 	 40 	 494
19 	 1.6495 	 40 	 498
20 	 1.6577 	 40 	 501
21 	 1.6659 	 40 	 505
22 	 1.6955 	 40 	 518
23 	 1.7117 	 40 	 524
24 	 1.7279 	 40 	 530
25 	 1.7415 	 40 	 534
26 	 1.7550 	 40 	 540
27 	 1.7659 	 40 	 544
28 	 1.7768 	 40 	 549
29 	 1.7877 	 40 	 554
30 	 1.8145 	 40 	 563
31 	 1.8307 	 40 	 570
32 	 1.8470 	 40 	 576
33 	 1.8605 	 40 	 580
34 	 1.8767 	 40 	 586
35 	 1.8903 	 40 	 591
36 	 1.9011 	 40 	 595
37 	 1.9120 	 40 	 599
38 	 1.9362 	 40 	 606
39 	 1.9525 	 40 	 612
40 	 1.9687 	 40 	 618
41 	 2.0142 	 40 	 633
42 	 2.0358 	 40 	 640
43 	 2.0520 	 40 	 646
44 	 2.0682 	 40 	 652
45 	 2.0764 	 40 	 655
46 	 2.1113 	 40 	 669
47 	 2.1302 	 40 	 674
48 	 2.1464 	 40 	 680
49 	 2.1679 	 40 	 688
50 	 2.1761 	 40 	 691
51 	 2.2030 	 40 	 701
52 	 2.2219 	 40 	 707
53 	 2.2381 	 40 	 713
54 	 2.2570 	 40 	 719
55 	 2.2679 	 40 	 723
56 	 2.2894 	 40 	 730
57 	 2.3314 	 40 	 744
58 	 2.3449 	 40 	 748
59 	 2.3638 	 40 	 755
0 	 2.4069 	 40 	 770
1 	 2.4205 	 40 	 774
2 	 2.4287 	 40 	 777
3 	 2.4449 	 40 	 783
4 	 2.4829 	 40 	 798
5 	 2.4965 	 40 	 802
6 	 2.5073 	 40 	 806
7 	 2.5155 	 40 	 810
8 	 2.5291 	 40 	 815
9 	 2.5613 	 40 	 828
10 	 2.5749 	 40 	 833
11 	 2.5884 	 40 	 837
12 	 2.5993 	 40 	 842
13 	 2.6128 	 40 	 847
14 	 2.6210 	 40 	 851
15 	 2.6453 	 40 	 860
16 	 2.6615 	 40 	 867
17 	 2.6750 	 40 	 872
18 	 2.6886 	 40 	 877
19 	 2.7021 	 40 	 882
20 	 2.7130 	 40 	 887
21 	 2.7212 	 40 	 891
22 	 2.7401 	 40 	 898
23 	 2.7563 	 40 	 905
24 	 2.7725 	 40 	 912
25 	 2.7861 	 40 	 916
26 	 2.8023 	 40 	 922
27 	 2.8131 	 40 	 927
28 	 2.8240 	 40 	 932
29 	 2.8429 	 40 	 939
30 	 2.8511 	 40 	 943
31 	 2.8647 	 40 	 948
32 	 2.8782 	 40 	 953
33 	 2.8944 	 40 	 960
34 	 2.9106 	 40 	 968
35 	 2.9215 	 40 	 971
36 	 2.9351 	 40 	 977
37 	 2.9539 	 40 	 984
38 	 2.9648 	 40 	 988
39 	 2.9730 	 40 	 992
40 	 2.9839 	 40 	 996
41 	 3.0001 	 40 	 1003
42 	 3.0163 	 40 	 1011
43 	 3.0326 	 40 	 1017
44 	 3.0434 	 40 	 1021
45 	 3.0570 	 40 	 1026
46 	 3.0759 	 40 	 1034
47 	 3.0867 	 40 	 1038
48 	 3.0976 	 40 	 1042
49 	 3.1085 	 40 	 1047
50 	 3.1247 	 40 	 1053
51 	 3.1409 	 40 	 1060
52 	 3.1545 	 40 	 1064
53 	 3.1680 	 40 	 1070
54 	 3.1816 	 40 	 1075
55 	 3.1978 	 40 	 1081
56 	 3.2113 	 40 	 1086
57 	 3.2222 	 40 	 1089
58 	 3.2331 	 40 	 1093
59 	 3.2493 	 40 	 1098
0 	 3.2655 	 40 	 1105
1 	 3.2791 	 40 	 1110
2 	 3.3299 	 40 	 1126
3 	 3.3408 	 40 	 1130
4 	 3.3544 	 40 	 1134
5 	 3.3706 	 40 	 1141
6 	 3.3868 	 40 	 1149
7 	 3.4243 	 40 	 1161
8 	 3.4352 	 40 	 1165
9 	 3.4434 	 40 	 1168
10 	 3.4570 	 40 	 1173
11 	 3.4732 	 40 	 1179
12 	 3.4867 	 40 	 1185
13 	 3.5163 	 40 	 1196
14 	 3.5298 	 40 	 1201
15 	 3.5407 	 40 	 1205
16 	 3.5543 	 40 	 1210
17 	 3.5625 	 40 	 1214
18 	 3.5734 	 40 	 1219
19 	 3.5896 	 40 	 1225
20 	 3.6138 	 40 	 1235
21 	 3.6353 	 40 	 1243
22 	 3.6515 	 40 	 1249
23 	 3.6624 	 40 	 1252
24 	 3.6706 	 40 	 1257
25 	 3.6789 	 40 	 1260
26 	 3.6924 	 40 	 1265
27 	 3.7139 	 40 	 1272
28 	 3.7355 	 40 	 1279
29 	 3.7517 	 40 	 1285
30 	 3.7653 	 40 	 1289
31 	 3.8028 	 40 	 1303
32 	 3.8217 	 40 	 1308
33 	 3.8379 	 40 	 1314
34 	 3.8514 	 40 	 1319
35 	 3.8810 	 40 	 1330
36 	 3.8972 	 40 	 1336
37 	 3.9161 	 40 	 1343
38 	 3.9243 	 40 	 1346
39 	 3.9352 	 40 	 1351
40 	 3.9594 	 40 	 1360
41 	 3.9756 	 40 	 1367
42 	 3.9945 	 40 	 1373
43 	 4.0054 	 40 	 1377
44 	 4.0189 	 40 	 1383
45 	 4.0405 	 40 	 1391
46 	 4.0567 	 40 	 1397
47 	 4.0755 	 40 	 1404
48 	 4.0864 	 40 	 1407
49 	 4.1026 	 40 	 1414
50 	 4.1215 	 40 	 1420
51 	 4.1511 	 40 	 1429
52 	 4.1959 	 40 	 1443
53 	 4.2269 	 40 	 1453
54 	 4.2709 	 40 	 1466
55 	 4.3029 	 40 	 1475
56 	 4.4255 	 40 	 1484
57 	 4.4999 	 40 	 1487
58 	 4.5054 	 40 	 1488
