1 	 0.1611 	 40 	 1
2 	 0.2355 	 40 	 4
3 	 0.2410 	 40 	 5
4 	 0.3099 	 40 	 10
5 	 0.3154 	 40 	 11
6 	 0.3210 	 40 	 12
7 	 0.3265 	 40 	 13
8 	 0.3869 	 40 	 37
9 	 0.3951 	 40 	 40
10 	 0.4033 	 40 	 43
11 	 0.4115 	 40 	 46
12 	 0.4198 	 40 	 51
13 	 0.4280 	 40 	 56
14 	 0.4362 	 40 	 61
15 	 0.4444 	 40 	 66
16 	 0.4819 	 40 	 84
17 	 0.4902 	 40 	 87
18 	 0.4984 	 40 	 90
19 	 0.5066 	 40 	 94
20 	 0.5148 	 40 	 99
21 	 0.5230 	 40 	 104
22 	 0.5312 	 40 	 109
23 	 0.5394 	 40 	 114
24 	 0.5477 	 40 	 118
25 	 0.5532 	 40 	 120
26 	 0.5615 	 48 	 124
27 	 0.5698 	 56 	 128
28 	 0.5755 	 64 	 132
29 	 0.6024 	 64 	 141
30 	 0.6106 	 64 	 145
31 	 0.6188 	 64 	 148
32 	 0.6270 	 64 	 152
33 	 0.6352 	 64 	 155
34 	 0.6434 	 64 	 158
35 	 0.6517 	 64 	 161
36 	 0.6599 	 64 	 164
37 	 0.6681 	 64 	 167
38 	 0.6763 	 64 	 170
39 	 0.6818 	 64 	 172
40 	 0.7007 	 64 	 180
41 	 0.7623 	 64 	 200
42 	 0.7731 	 64 	 204
43 	 0.7839 	 56 	 208
44 	 0.7920 	 48 	 211
45 	 0.8108 	 40 	 221
46 	 0.8190 	 40 	 226
47 	 0.8646 	 40 	 242
48 	 0.8728 	 40 	 245
49 	 0.8810 	 40 	 248
50 	 0.8892 	 40 	 251
51 	 0.9001 	 40 	 256
52 	 0.9083 	 40 	 260
53 	 0.9165 	 40 	 264
54 	 0.9247 	 40 	 268
55 	 0.9383 	 40 	 273
56 	 0.9465 	 40 	 277
57 	 0.9787 	 40 	 292
58 	 0.9896 	 40 	 295
59 	 1.0005 	 40 	 299
0 	 1.0113 	 40 	 304
1 	 1.0249 	 40 	 309
2 	 1.0358 	 40 	 314
3 	 1.0440 	 40 	 318
4 	 1.0522 	 40 	 321
5 	 1.0657 	 40 	 326
6 	 1.0739 	 40 	 330
7 	 1.0795 	 40 	 334
8 	 1.1010 	 40 	 342
9 	 1.1119 	 40 	 349
10 	 1.1255 	 40 	 353
11 	 1.1390 	 40 	 359
12 	 1.1499 	 40 	 363
13 	 1.1608 	 40 	 368
14 	 1.1717 	 40 	 373
15 	 1.1799 	 40 	 376
16 	 1.1907 	 40 	 381
17 	 1.2016 	 40 	 385
18 	 1.2233 	 48 	 395
19 	 1.2368 	 48 	 400
20 	 1.2504 	 48 	 404
21 	 1.2639 	 48 	 410
22 	 1.2775 	 48 	 415
23 	 1.2857 	 48 	 419
24 	 1.2966 	 48 	 423
25 	 1.3074 	 48 	 427
26 	 1.3183 	 48 	 430
27 	 1.3265 	 48 	 433
28 	 1.3454 	 48 	 439
29 	 1.3590 	 48 	 446
30 	 1.3752 	 48 	 451
31 	 1.4233 	 40 	 468
32 	 1.4342 	 40 	 471
33 	 1.4504 	 40 	 476
34 	 1.4639 	 40 	 482
35 	 1.4801 	 40 	 488
36 	 1.4883 	 40 	 492
37 	 1.5232 	 40 	 506
38 	 1.5341 	 40 	 509
39 	 1.5503 	 40 	 514
40 	 1.5639 	 40 	 520
41 	 1.5801 	 40 	 526
42 	 1.5883 	 40 	 530
43 	 1.5965 	 40 	 534
44 	 1.6234 	 40 	 544
45 	 1.6369 	 40 	 550
46 	 1.6531 	 40 	 555
47 	 1.6667 	 40 	 561
48 	 1.6802 	 40 	 566
49 	 1.6911 	 40 	 571
50 	 1.7020 	 40 	 575
51 	 1.7102 	 40 	 578
52 	 1.7318 	 40 	 587
53 	 1.7453 	 40 	 594
54 	 1.7589 	 40 	 599
55 	 1.7751 	 40 	 605
56 	 1.7886 	 40 	 610
57 	 1.8022 	 40 	 615
58 	 1.8211 	 48 	 623
59 	 1.8294 	 48 	 626
0 	 1.8456 	 48 	 632
1 	 1.8591 	 48 	 638
2 	 1.8753 	 48 	 644
3 	 1.8915 	 48 	 650
4 	 1.9024 	 48 	 653
5 	 1.9186 	 48 	 658
6 	 1.9349 	 48 	 664
7 	 1.9457 	 48 	 667
8 	 1.9618 	 40 	 673
9 	 2.0154 	 40 	 691
10 	 2.0316 	 40 	 696
11 	 2.0425 	 40 	 699
12 	 2.0560 	 40 	 706
13 	 2.0989 	 40 	 721
14 	 2.1071 	 40 	 724
15 	 2.1180 	 40 	 727
16 	 2.1315 	 40 	 733
17 	 2.1451 	 40 	 738
18 	 2.1800 	 40 	 752
19 	 2.1882 	 40 	 755
20 	 2.2017 	 40 	 759
21 	 2.2099 	 40 	 762
22 	 2.2208 	 40 	 768
23 	 2.2344 	 40 	 773
24 	 2.2613 	 40 	 784
25 	 2.2721 	 40 	 789
26 	 2.2857 	 40 	 793
27 	 2.2992 	 40 	 799
28 	 2.3074 	 40 	 803
29 	 2.3157 	 40 	 806
30 	 2.3292 	 40 	 811
31 	 2.3507 	 40 	 822
32 	 2.3643 	 40 	 827
33 	 2.3778 	 40 	 831
34 	 2.3941 	 40 	 837
35 	 2.4049 	 40 	 842
36 	 2.4158 	 40 	 847
37 	 2.4240 	 40 	 850
38 	 2.4510 	 48 	 861
39 	 2.4646 	 48 	 867
40 	 2.4781 	 48 	 871
41 	 2.4970 	 48 	 879
42 	 2.5079 	 48 	 883
43 	 2.5214 	 48 	 888
44 	 2.5296 	 48 	 891
45 	 2.5378 	 48 	 894
46 	 2.5594 	 48 	 901
47 	 2.5729 	 48 	 906
48 	 2.5890 	 40 	 911
49 	 2.6480 	 48 	 930
50 	 2.6616 	 48 	 934
51 	 2.6778 	 48 	 939
52 	 2.7233 	 48 	 955
53 	 2.7369 	 48 	 959
54 	 2.7530 	 40 	 964
55 	 2.8113 	 40 	 982
56 	 2.8275 	 40 	 987
57 	 2.8869 	 40 	 1006
58 	 2.9031 	 40 	 1011
59 	 2.9113 	 40 	 1014
0 	 2.9629 	 40 	 1031
1 	 2.9791 	 40 	 1036
2 	 2.9900 	 40 	 1039
3 	 3.0389 	 40 	 1057
4 	 3.0471 	 40 	 1060
5 	 3.0607 	 40 	 1064
6 	 3.0742 	 40 	 1069
7 	 3.1149 	 40 	 1085
8 	 3.1258 	 40 	 1088
9 	 3.1340 	 40 	 1091
10 	 3.1449 	 40 	 1095
11 	 3.1611 	 40 	 1102
12 	 3.1933 	 40 	 1115
13 	 3.2042 	 40 	 1119
14 	 3.2177 	 40 	 1123
15 	 3.2259 	 40 	 1127
16 	 3.2342 	 40 	 1130
17 	 3.2504 	 40 	 1137
18 	 3.2773 	 40 	 1148
19 	 3.2908 	 40 	 1154
20 	 3.3043 	 40 	 1158
21 	 3.3179 	 40 	 1163
22 	 3.3288 	 40 	 1168
23 	 3.3370 	 40 	 1172
24 	 3.3505 	 40 	 1178
25 	 3.3721 	 40 	 1187
26 	 3.3883 	 40 	 1193
27 	 3.4018 	 40 	 1197
28 	 3.4181 	 40 	 1203
29 	 3.4289 	 40 	 1208
30 	 3.4398 	 40 	 1213
31 	 3.4561 	 48 	 1219
32 	 3.4750 	 48 	 1227
33 	 3.4912 	 48 	 1233
34 	 3.5074 	 48 	 1239
35 	 3.5237 	 48 	 1245
36 	 3.5345 	 48 	 1248
37 	 3.5481 	 48 	 1253
38 	 3.5643 	 48 	 1258
39 	 3.5832 	 48 	 1265
40 	 3.5993 	 40 	 1271
41 	 3.6395 	 40 	 1284
42 	 3.6557 	 40 	 1289
43 	 3.6746 	 40 	 1296
44 	 3.6908 	 40 	 1302
45 	 3.7230 	 40 	 1314
46 	 3.7527 	 48 	 1322
47 	 3.7609 	 48 	 1326
48 	 3.7744 	 48 	 1330
49 	 3.8013 	 48 	 1340
50 	 3.8272 	 48 	 1349
51 	 3.8381 	 48 	 1352
52 	 3.8542 	 40 	 1357
53 	 3.9149 	 40 	 1376
54 	 3.9311 	 40 	 1381
55 	 3.9909 	 40 	 1400
56 	 3.9991 	 40 	 1403
57 	 4.0127 	 40 	 1407
58 	 4.0669 	 40 	 1426
59 	 4.0778 	 40 	 1429
0 	 4.0913 	 40 	 1434
1 	 4.0995 	 40 	 1438
2 	 4.1429 	 40 	 1454
3 	 4.1538 	 40 	 1457
4 	 4.1700 	 40 	 1462
5 	 4.1809 	 40 	 1467
6 	 4.1891 	 40 	 1471
7 	 4.2213 	 40 	 1484
8 	 4.2322 	 40 	 1488
9 	 4.2511 	 40 	 1494
10 	 4.2619 	 40 	 1498
11 	 4.2728 	 40 	 1503
12 	 4.2810 	 40 	 1506
13 	 4.3053 	 40 	 1516
14 	 4.3188 	 40 	 1522
15 	 4.3377 	 40 	 1528
16 	 4.3512 	 40 	 1530
17 	 4.3621 	 40 	 1531
18 	 4.3730 	 40 	 1533
19 	 4.3919 	 40 	 1535
20 	 4.3974 	 40 	 1537
21 	 4.4030 	 40 	 1538
22 	 4.4121 	 40 	 1540
23 	 4.4256 	 40 	 1542
24 	 4.4365 	 40 	 1546
25 	 4.4474 	 40 	 1548
26 	 4.4663 	 40 	 1550
27 	 4.4718 	 40 	 1552
28 	 4.4774 	 40 	 1553
29 	 4.4829 	 40 	 1555
30 	 4.4885 	 40 	 1556
31 	 4.5000 	 40 	 1558
32 	 4.5109 	 40 	 1561
33 	 4.5218 	 40 	 1565
