1 0.1611 40 1
2 0.2355 40 4
3 0.2410 40 5
4 0.3099 40 10
5 0.3154 40 11
6 0.3210 40 12
7 0.3265 40 13
8 0.3869 40 37
9 0.3951 40 40
10 0.4033 40 43
11 0.4115 40 46
12 0.4198 40 51
13 0.4280 40 56
14 0.4362 40 61
15 0.4444 40 66
16 0.4819 40 84
17 0.4902 40 87
18 0.4984 40 90
19 0.5066 40 94
20 0.5148 40 99
21 0.5230 40 104
22 0.5312 40 109
23 0.5394 40 114
24 0.5477 40 118
25 0.5532 40 120
27 0.5615 48 124
29 0.5698 56 128
31 0.5755 64 132
32 0.6024 64 141
33 0.6106 64 145
34 0.6188 64 148
36 0.6270 64 152
38 0.6352 64 155
40 0.6434 64 158
41 0.6517 64 161
42 0.6599 64 164
43 0.6681 64 167
44 0.6763 64 170
45 0.6818 64 172
46 0.7007 64 180
47 0.7623 64 200
48 0.7731 64 204
49 0.7839 56 208
50 0.7920 48 211
51 0.8108 40 221
52 0.8190 40 226
53 0.8646 40 242
54 0.8728 40 245
55 0.8810 40 248
56 0.8892 40 251
57 0.9001 40 256
58 0.9083 40 260
59 0.9165 40 264
60 0.9247 40 268
61 0.9383 40 273
62 0.9465 40 277
63 0.9787 40 292
64 0.9896 40 295
65 1.0005 40 299
66 1.0113 40 304
67 1.0249 40 309
68 1.0358 40 314
69 1.0440 40 318
70 1.0522 40 321
71 1.0657 40 326
72 1.0739 40 330
73 1.0795 40 334
74 1.1010 40 342
75 1.1119 40 349
76 1.1255 40 353
77 1.1390 40 359
78 1.1499 40 363
79 1.1608 40 368
80 1.1717 40 373
81 1.1799 40 376
82 1.1907 40 381
83 1.2016 40 385
86 1.2233 48 395
87 1.2368 48 400
88 1.2504 48 404
89 1.2639 48 410
90 1.2775 48 415
91 1.2857 48 419
92 1.2966 48 423
93 1.3074 48 427
94 1.3183 48 430
95 1.3265 48 433
96 1.3454 48 439
97 1.3590 48 446
98 1.3752 48 451
99 1.4233 40 468
100 1.4342 40 471
101 1.4504 40 476
102 1.4639 40 482
103 1.4801 40 488
104 1.4883 40 492
105 1.5232 40 506
106 1.5341 40 509
107 1.5503 40 514
108 1.5639 40 520
109 1.5801 40 526
110 1.5883 40 530
111 1.5965 40 534
112 1.6234 40 544
113 1.6369 40 550
114 1.6531 40 555
115 1.6667 40 561
116 1.6802 40 566
117 1.6911 40 571
118 1.7020 40 575
119 1.7102 40 578
120 1.7318 40 587
121 1.7453 40 594
122 1.7589 40 599
123 1.7751 40 605
124 1.7886 40 610
125 1.8022 40 615
127 1.8211 48 623
128 1.8294 48 626
129 1.8456 48 632
130 1.8591 48 638
131 1.8753 48 644
132 1.8915 48 650
133 1.9024 48 653
134 1.9186 48 658
135 1.9349 48 664
136 1.9457 48 667
137 1.9618 40 673
138 2.0154 40 691
139 2.0316 40 696
140 2.0425 40 699
141 2.0560 40 706
142 2.0989 40 721
143 2.1071 40 724
144 2.1180 40 727
145 2.1315 40 733
146 2.1451 40 738
147 2.1800 40 752
148 2.1882 40 755
149 2.2017 40 759
150 2.2099 40 762
151 2.2208 40 768
152 2.2344 40 773
153 2.2613 40 784
154 2.2721 40 789
155 2.2857 40 793
156 2.2992 40 799
157 2.3074 40 803
158 2.3157 40 806
159 2.3292 40 811
160 2.3507 40 822
161 2.3643 40 827
162 2.3778 40 831
163 2.3941 40 837
164 2.4049 40 842
165 2.4158 40 847
166 2.4240 40 850
168 2.4510 48 861
169 2.4646 48 867
170 2.4781 48 871
171 2.4970 48 879
172 2.5079 48 883
173 2.5214 48 888
174 2.5296 48 891
175 2.5378 48 894
176 2.5594 48 901
177 2.5729 48 906
178 2.5890 40 911
180 2.6480 48 930
181 2.6616 48 934
182 2.6778 48 939
183 2.7233 48 955
184 2.7369 48 959
185 2.7530 40 964
186 2.8113 40 982
187 2.8275 40 987
188 2.8869 40 1006
189 2.9031 40 1011
190 2.9113 40 1014
191 2.9629 40 1031
192 2.9791 40 1036
193 2.9900 40 1039
194 3.0389 40 1057
195 3.0471 40 1060
196 3.0607 40 1064
197 3.0742 40 1069
198 3.1149 40 1085
199 3.1258 40 1088
0 3.1340 40 1091
1 3.1449 40 1095
2 3.1611 40 1102
3 3.1933 40 1115
4 3.2042 40 1119
5 3.2177 40 1123
6 3.2259 40 1127
7 3.2342 40 1130
8 3.2504 40 1137
9 3.2773 40 1148
10 3.2908 40 1154
11 3.3043 40 1158
12 3.3179 40 1163
13 3.3288 40 1168
14 3.3370 40 1172
15 3.3505 40 1178
16 3.3721 40 1187
17 3.3883 40 1193
18 3.4018 40 1197
19 3.4181 40 1203
20 3.4289 40 1208
21 3.4398 40 1213
23 3.4561 48 1219
24 3.4750 48 1227
25 3.4912 48 1233
26 3.5074 48 1239
27 3.5237 48 1245
28 3.5345 48 1248
29 3.5481 48 1253
30 3.5643 48 1258
31 3.5832 48 1265
32 3.5993 40 1271
33 3.6395 40 1284
34 3.6557 40 1289
35 3.6746 40 1296
36 3.6908 40 1302
37 3.7230 40 1314
39 3.7527 48 1322
40 3.7609 48 1326
41 3.7744 48 1330
42 3.8013 48 1340
43 3.8272 48 1349
44 3.8381 48 1352
45 3.8542 40 1357
46 3.9149 40 1376
47 3.9311 40 1381
48 3.9909 40 1400
49 3.9991 40 1403
50 4.0127 40 1407
51 4.0669 40 1426
52 4.0778 40 1429
53 4.0913 40 1434
54 4.0995 40 1438
55 4.1429 40 1454
56 4.1538 40 1457
57 4.1700 40 1462
58 4.1809 40 1467
59 4.1891 40 1471
60 4.2213 40 1484
61 4.2322 40 1488
62 4.2511 40 1494
63 4.2619 40 1498
64 4.2728 40 1503
65 4.2810 40 1506
66 4.3053 40 1516
67 4.3188 40 1522
68 4.3377 40 1528
69 4.3512 40 1530
70 4.3621 40 1531
71 4.3730 40 1533
72 4.3919 40 1535
73 4.3974 40 1537
74 4.4030 40 1538
75 4.4121 40 1540
76 4.4256 40 1542
77 4.4365 40 1546
78 4.4474 40 1548
79 4.4663 40 1550
80 4.4718 40 1552
81 4.4774 40 1553
82 4.4829 40 1555
83 4.4885 40 1556
84 4.5000 40 1558
85 4.5109 40 1561
86 4.5218 40 1565
87   
88   
89   
90   
91   
92   
