1 	 0.3120 	 500 	 14
2 	 0.3160 	 500 	 15
3 	 0.3200 	 500 	 16
4 	 0.3240 	 500 	 19
5 	 0.3280 	 500 	 22
6 	 0.3320 	 500 	 23
7 	 0.3360 	 500 	 26
8 	 0.3400 	 500 	 29
9 	 0.3440 	 500 	 30
10 	 0.3480 	 500 	 31
11 	 0.3520 	 500 	 32
12 	 0.3560 	 500 	 33
13 	 0.3600 	 500 	 34
14 	 0.3640 	 500 	 35
15 	 0.3680 	 500 	 36
16 	 0.3720 	 500 	 38
17 	 0.3760 	 500 	 39
18 	 0.3800 	 500 	 41
19 	 0.3840 	 500 	 42
20 	 0.3880 	 500 	 44
21 	 0.3920 	 500 	 45
22 	 0.3960 	 500 	 47
23 	 0.4000 	 500 	 50
24 	 0.4040 	 500 	 52
25 	 0.4080 	 500 	 55
26 	 0.4120 	 500 	 57
27 	 0.4160 	 500 	 60
28 	 0.4200 	 500 	 62
29 	 0.4240 	 500 	 65
30 	 0.4280 	 500 	 67
31 	 0.4320 	 500 	 70
32 	 0.4360 	 500 	 71
33 	 0.4400 	 500 	 74
34 	 0.4440 	 500 	 75
35 	 0.4480 	 500 	 76
36 	 0.4520 	 500 	 79
37 	 0.4560 	 500 	 80
38 	 0.4600 	 500 	 83
39 	 0.4640 	 500 	 85
40 	 0.4680 	 500 	 86
41 	 0.4720 	 500 	 88
42 	 0.4760 	 500 	 89
43 	 0.4800 	 500 	 91
44 	 0.4840 	 500 	 92
45 	 0.4880 	 500 	 93
46 	 0.4920 	 500 	 95
47 	 0.4960 	 500 	 98
48 	 0.5000 	 500 	 100
49 	 0.5040 	 500 	 103
50 	 0.5080 	 500 	 105
51 	 0.5120 	 500 	 108
52 	 0.5160 	 500 	 110
53 	 0.5200 	 500 	 113
54 	 0.5240 	 500 	 115
55 	 0.5280 	 500 	 117
56 	 0.5320 	 500 	 119
57 	 0.5360 	 500 	 121
58 	 0.5400 	 500 	 123
59 	 0.5440 	 500 	 125
60 	 0.5480 	 500 	 127
61 	 0.5520 	 500 	 129
62 	 0.5560 	 500 	 131
63 	 0.5600 	 500 	 133
64 	 0.5640 	 500 	 135
65 	 0.5680 	 500 	 137
66 	 0.5720 	 500 	 139
67 	 0.5760 	 500 	 140
68 	 0.5800 	 500 	 143
69 	 0.5840 	 500 	 144
70 	 0.5880 	 500 	 146
71 	 0.5920 	 500 	 147
72 	 0.5960 	 500 	 149
73 	 0.6000 	 500 	 150
74 	 0.6040 	 500 	 152
75 	 0.6080 	 500 	 154
76 	 0.6120 	 500 	 155
77 	 0.6160 	 500 	 157
78 	 0.6200 	 500 	 158
79 	 0.6240 	 500 	 160
80 	 0.6280 	 500 	 161
81 	 0.6320 	 500 	 163
82 	 0.6360 	 500 	 164
83 	 0.6400 	 500 	 166
84 	 0.6440 	 500 	 167
85 	 0.6480 	 500 	 170
86 	 0.6520 	 500 	 171
87 	 0.6560 	 500 	 173
88 	 0.6600 	 500 	 174
89 	 0.6640 	 500 	 175
90 	 0.6680 	 500 	 177
91 	 0.6720 	 500 	 178
92 	 0.6760 	 500 	 179
93 	 0.6800 	 500 	 181
94 	 0.6840 	 500 	 182
95 	 0.6880 	 500 	 184
96 	 0.6920 	 500 	 185
97 	 0.6960 	 500 	 187
98 	 0.7000 	 500 	 188
99 	 0.7040 	 500 	 190
100 	 0.7080 	 500 	 191
101 	 0.7120 	 500 	 193
102 	 0.7160 	 500 	 195
103 	 0.7200 	 500 	 197
104 	 0.7240 	 500 	 199
105 	 0.7280 	 500 	 200
106 	 0.7320 	 500 	 202
107 	 0.7360 	 500 	 203
108 	 0.7400 	 500 	 204
109 	 0.7440 	 500 	 206
110 	 0.7480 	 500 	 207
111 	 0.7520 	 500 	 209
112 	 0.7560 	 500 	 210
113 	 0.7600 	 500 	 211
114 	 0.7640 	 500 	 212
115 	 0.7680 	 500 	 213
116 	 0.7720 	 500 	 214
117 	 0.7760 	 500 	 215
118 	 0.7800 	 500 	 216
119 	 0.7840 	 500 	 220
120 	 0.7880 	 500 	 221
121 	 0.7920 	 500 	 222
122 	 0.7960 	 500 	 223
123 	 0.8000 	 500 	 224
124 	 0.8040 	 500 	 226
125 	 0.8080 	 500 	 227
126 	 0.8120 	 500 	 229
127 	 0.8160 	 500 	 230
128 	 0.8200 	 500 	 231
129 	 0.8240 	 500 	 233
130 	 0.8280 	 500 	 234
131 	 0.8320 	 500 	 237
132 	 0.8360 	 500 	 239
133 	 0.8400 	 500 	 240
134 	 0.8440 	 500 	 243
135 	 0.8480 	 500 	 244
136 	 0.8520 	 500 	 245
137 	 0.8560 	 500 	 248
138 	 0.8600 	 500 	 249
139 	 0.8640 	 500 	 251
140 	 0.8680 	 500 	 253
141 	 0.8720 	 500 	 254
142 	 0.8760 	 500 	 256
143 	 0.8800 	 500 	 257
144 	 0.8840 	 500 	 259
145 	 0.8880 	 500 	 260
146 	 0.8920 	 500 	 261
147 	 0.8960 	 500 	 263
148 	 0.9000 	 500 	 264
149 	 0.9040 	 500 	 265
150 	 0.9080 	 500 	 267
151 	 0.9120 	 500 	 268
152 	 0.9160 	 500 	 270
153 	 0.9200 	 500 	 272
154 	 0.9240 	 500 	 273
155 	 0.9280 	 500 	 275
156 	 0.9320 	 500 	 276
157 	 0.9360 	 500 	 278
158 	 0.9400 	 500 	 279
159 	 0.9440 	 500 	 281
160 	 0.9480 	 500 	 283
161 	 0.9520 	 500 	 284
162 	 0.9560 	 500 	 287
163 	 0.9600 	 500 	 288
164 	 0.9640 	 500 	 290
165 	 0.9680 	 500 	 292
166 	 0.9720 	 500 	 294
167 	 0.9760 	 500 	 296
168 	 0.9800 	 500 	 297
169 	 0.9840 	 500 	 299
170 	 0.9880 	 500 	 300
171 	 0.9920 	 500 	 302
172 	 0.9960 	 500 	 303
173 	 1.0000 	 500 	 305
174 	 1.0040 	 500 	 307
175 	 1.0080 	 500 	 308
176 	 1.0120 	 500 	 310
177 	 1.0160 	 500 	 311
178 	 1.0200 	 500 	 312
179 	 1.0240 	 500 	 313
180 	 1.0280 	 500 	 314
181 	 1.0320 	 500 	 317
182 	 1.0360 	 500 	 318
183 	 1.0400 	 500 	 320
184 	 1.0440 	 500 	 322
185 	 1.0480 	 500 	 323
186 	 1.0520 	 500 	 324
187 	 1.0560 	 500 	 326
188 	 1.0600 	 500 	 327
189 	 1.0640 	 500 	 328
190 	 1.0680 	 500 	 330
191 	 1.0720 	 500 	 332
192 	 1.0760 	 500 	 333
193 	 1.0800 	 500 	 335
194 	 1.0840 	 500 	 337
195 	 1.0880 	 500 	 339
196 	 1.0920 	 500 	 340
197 	 1.0960 	 500 	 341
198 	 1.1000 	 500 	 344
199 	 1.1040 	 500 	 345
0 	 1.1080 	 500 	 346
1 	 1.1120 	 500 	 348
2 	 1.1160 	 500 	 349
3 	 1.1200 	 500 	 350
4 	 1.1240 	 500 	 351
5 	 1.1280 	 500 	 352
6 	 1.1320 	 500 	 354
7 	 1.1360 	 500 	 355
8 	 1.1400 	 500 	 357
9 	 1.1440 	 500 	 358
10 	 1.1480 	 500 	 360
11 	 1.1520 	 500 	 361
12 	 1.1560 	 500 	 362
13 	 1.1600 	 500 	 363
14 	 1.1640 	 500 	 364
15 	 1.1680 	 500 	 365
16 	 1.1720 	 500 	 367
17 	 1.1760 	 500 	 369
18 	 1.1800 	 500 	 371
19 	 1.1840 	 500 	 372
20 	 1.1880 	 500 	 374
21 	 1.1920 	 500 	 375
22 	 1.1960 	 500 	 376
23 	 1.2000 	 500 	 377
24 	 1.2040 	 500 	 379
25 	 1.2080 	 500 	 381
26 	 1.2120 	 500 	 382
27 	 1.2160 	 500 	 383
28 	 1.2200 	 500 	 385
29 	 1.2240 	 500 	 386
30 	 1.2280 	 500 	 387
31 	 1.2320 	 500 	 389
32 	 1.2360 	 500 	 390
33 	 1.2400 	 500 	 391
34 	 1.2440 	 500 	 392
35 	 1.2480 	 500 	 393
36 	 1.2520 	 500 	 395
37 	 1.2560 	 500 	 396
38 	 1.2600 	 500 	 397
39 	 1.2640 	 500 	 399
40 	 1.2680 	 500 	 400
41 	 1.2720 	 500 	 401
42 	 1.2760 	 500 	 402
43 	 1.2800 	 500 	 403
44 	 1.2840 	 500 	 405
45 	 1.2880 	 500 	 407
46 	 1.2920 	 500 	 408
47 	 1.2960 	 500 	 410
48 	 1.3000 	 500 	 411
49 	 1.3040 	 500 	 413
50 	 1.3080 	 500 	 414
51 	 1.3120 	 500 	 415
52 	 1.3160 	 500 	 416
53 	 1.3200 	 500 	 420
54 	 1.3240 	 500 	 421
55 	 1.3280 	 500 	 422
56 	 1.3320 	 500 	 423
57 	 1.3360 	 500 	 425
58 	 1.3400 	 500 	 426
59 	 1.3440 	 500 	 427
60 	 1.3480 	 500 	 429
61 	 1.3520 	 500 	 430
62 	 1.3560 	 500 	 431
63 	 1.3600 	 500 	 433
64 	 1.3640 	 500 	 434
65 	 1.3680 	 500 	 436
66 	 1.3720 	 500 	 437
67 	 1.3760 	 500 	 438
68 	 1.3800 	 500 	 439
69 	 1.3840 	 500 	 440
70 	 1.3880 	 500 	 442
71 	 1.3920 	 500 	 444
72 	 1.3960 	 500 	 445
73 	 1.4000 	 500 	 448
74 	 1.4040 	 500 	 449
75 	 1.4080 	 500 	 450
76 	 1.4120 	 500 	 452
77 	 1.4160 	 500 	 453
78 	 1.4200 	 500 	 454
79 	 1.4240 	 500 	 456
80 	 1.4280 	 500 	 458
81 	 1.4320 	 500 	 461
82 	 1.4360 	 500 	 462
83 	 1.4400 	 500 	 463
84 	 1.4440 	 500 	 465
85 	 1.4480 	 500 	 466
86 	 1.4520 	 500 	 467
87 	 1.4560 	 500 	 468
88 	 1.4600 	 500 	 471
89 	 1.4640 	 500 	 472
90 	 1.4680 	 500 	 473
91 	 1.4720 	 500 	 474
92 	 1.4760 	 500 	 476
93 	 1.4800 	 500 	 477
94 	 1.4840 	 500 	 478
95 	 1.4880 	 500 	 479
96 	 1.4920 	 500 	 481
97 	 1.4960 	 500 	 483
98 	 1.5000 	 500 	 484
99 	 1.5040 	 500 	 487
100 	 1.5080 	 500 	 488
101 	 1.5120 	 500 	 490
102 	 1.5160 	 500 	 491
103 	 1.5200 	 500 	 492
104 	 1.5240 	 500 	 495
105 	 1.5280 	 500 	 496
106 	 1.5320 	 500 	 497
107 	 1.5360 	 500 	 499
108 	 1.5400 	 500 	 500
109 	 1.5440 	 500 	 503
110 	 1.5480 	 500 	 504
111 	 1.5520 	 500 	 505
112 	 1.5560 	 500 	 508
113 	 1.5600 	 500 	 509
114 	 1.5640 	 500 	 510
115 	 1.5680 	 500 	 512
116 	 1.5720 	 500 	 514
117 	 1.5760 	 500 	 515
118 	 1.5800 	 500 	 516
119 	 1.5840 	 500 	 518
120 	 1.5880 	 500 	 519
121 	 1.5920 	 500 	 520
122 	 1.5960 	 500 	 521
123 	 1.6000 	 500 	 523
124 	 1.6040 	 500 	 525
125 	 1.6080 	 500 	 526
126 	 1.6120 	 500 	 529
127 	 1.6160 	 500 	 530
128 	 1.6200 	 500 	 531
129 	 1.6240 	 500 	 533
130 	 1.6280 	 500 	 534
131 	 1.6320 	 500 	 536
132 	 1.6360 	 500 	 538
133 	 1.6400 	 500 	 539
134 	 1.6440 	 500 	 542
135 	 1.6480 	 500 	 543
136 	 1.6520 	 500 	 544
137 	 1.6560 	 500 	 546
138 	 1.6600 	 500 	 548
139 	 1.6640 	 500 	 549
140 	 1.6680 	 500 	 551
141 	 1.6720 	 500 	 552
142 	 1.6760 	 500 	 555
143 	 1.6800 	 500 	 556
144 	 1.6840 	 500 	 557
145 	 1.6880 	 500 	 559
146 	 1.6920 	 500 	 561
147 	 1.6960 	 500 	 562
148 	 1.7000 	 500 	 564
149 	 1.7040 	 500 	 565
150 	 1.7080 	 500 	 566
151 	 1.7120 	 500 	 567
152 	 1.7160 	 500 	 569
153 	 1.7200 	 500 	 571
154 	 1.7240 	 500 	 572
155 	 1.7280 	 500 	 574
156 	 1.7320 	 500 	 576
157 	 1.7360 	 500 	 577
158 	 1.7400 	 500 	 578
159 	 1.7440 	 500 	 580
160 	 1.7480 	 500 	 582
161 	 1.7520 	 500 	 583
162 	 1.7560 	 500 	 584
163 	 1.7600 	 500 	 587
164 	 1.7640 	 500 	 588
165 	 1.7680 	 500 	 589
166 	 1.7720 	 500 	 592
167 	 1.7760 	 500 	 593
168 	 1.7800 	 500 	 595
169 	 1.7840 	 500 	 596
170 	 1.7880 	 500 	 598
171 	 1.7920 	 500 	 600
172 	 1.7960 	 500 	 601
173 	 1.8000 	 500 	 603
174 	 1.8040 	 500 	 604
175 	 1.8080 	 500 	 606
176 	 1.8120 	 500 	 608
177 	 1.8160 	 500 	 609
178 	 1.8200 	 500 	 610
179 	 1.8240 	 500 	 613
180 	 1.8280 	 500 	 615
181 	 1.8320 	 500 	 616
182 	 1.8360 	 500 	 617
183 	 1.8400 	 500 	 618
184 	 1.8440 	 500 	 621
185 	 1.8480 	 500 	 622
186 	 1.8520 	 500 	 623
187 	 1.8560 	 500 	 625
188 	 1.8600 	 500 	 627
189 	 1.8640 	 500 	 628
190 	 1.8680 	 500 	 629
191 	 1.8720 	 500 	 631
192 	 1.8760 	 500 	 633
193 	 1.8800 	 500 	 634
194 	 1.8840 	 500 	 635
195 	 1.8880 	 500 	 638
196 	 1.8920 	 500 	 639
197 	 1.8960 	 500 	 640
198 	 1.9000 	 500 	 641
199 	 1.9040 	 500 	 644
0 	 1.9080 	 500 	 645
1 	 1.9120 	 500 	 647
2 	 1.9160 	 500 	 648
3 	 1.9200 	 500 	 650
4 	 1.9240 	 500 	 651
5 	 1.9280 	 500 	 653
6 	 1.9320 	 500 	 655
7 	 1.9360 	 500 	 657
8 	 1.9400 	 500 	 658
9 	 1.9440 	 500 	 660
10 	 1.9480 	 500 	 661
11 	 1.9520 	 500 	 663
12 	 1.9560 	 500 	 665
13 	 1.9600 	 500 	 666
14 	 1.9640 	 500 	 670
15 	 1.9680 	 500 	 671
16 	 1.9720 	 500 	 672
17 	 1.9760 	 500 	 673
18 	 1.9800 	 500 	 675
19 	 1.9840 	 500 	 677
20 	 1.9880 	 500 	 678
21 	 1.9920 	 500 	 679
22 	 1.9960 	 500 	 682
23 	 2.0000 	 500 	 683
24 	 2.0040 	 500 	 685
25 	 2.0080 	 500 	 686
26 	 2.0120 	 500 	 688
27 	 2.0160 	 500 	 689
28 	 2.0200 	 500 	 691
29 	 2.0240 	 500 	 693
30 	 2.0280 	 500 	 694
31 	 2.0320 	 500 	 695
32 	 2.0360 	 500 	 697
33 	 2.0400 	 500 	 699
34 	 2.0440 	 500 	 700
35 	 2.0480 	 500 	 701
36 	 2.0520 	 500 	 703
37 	 2.0560 	 500 	 704
38 	 2.0600 	 500 	 706
39 	 2.0640 	 500 	 707
40 	 2.0680 	 500 	 709
41 	 2.0720 	 500 	 710
42 	 2.0760 	 500 	 711
43 	 2.0800 	 500 	 713
44 	 2.0840 	 500 	 714
45 	 2.0880 	 500 	 715
46 	 2.0920 	 500 	 717
47 	 2.0960 	 500 	 719
48 	 2.1000 	 500 	 720
49 	 2.1040 	 500 	 721
50 	 2.1080 	 500 	 722
51 	 2.1120 	 500 	 725
52 	 2.1160 	 500 	 726
53 	 2.1200 	 500 	 727
54 	 2.1240 	 500 	 730
55 	 2.1280 	 500 	 731
56 	 2.1320 	 500 	 732
57 	 2.1360 	 500 	 733
58 	 2.1400 	 500 	 735
59 	 2.1440 	 500 	 736
60 	 2.1480 	 500 	 737
61 	 2.1520 	 500 	 738
62 	 2.1560 	 500 	 740
63 	 2.1600 	 500 	 741
64 	 2.1640 	 500 	 742
65 	 2.1680 	 500 	 743
66 	 2.1720 	 500 	 745
67 	 2.1760 	 500 	 746
68 	 2.1800 	 500 	 747
69 	 2.1840 	 500 	 748
70 	 2.1880 	 500 	 750
71 	 2.1920 	 500 	 751
72 	 2.1960 	 500 	 752
73 	 2.2000 	 500 	 753
74 	 2.2040 	 500 	 754
75 	 2.2080 	 500 	 755
76 	 2.2120 	 500 	 757
77 	 2.2160 	 500 	 758
78 	 2.2200 	 500 	 760
79 	 2.2240 	 500 	 762
80 	 2.2280 	 500 	 763
81 	 2.2320 	 500 	 764
82 	 2.2360 	 500 	 765
83 	 2.2400 	 500 	 767
84 	 2.2440 	 500 	 768
85 	 2.2480 	 500 	 769
86 	 2.2520 	 500 	 770
87 	 2.2560 	 500 	 773
88 	 2.2600 	 500 	 774
89 	 2.2640 	 500 	 775
90 	 2.2680 	 500 	 776
91 	 2.2720 	 500 	 777
92 	 2.2760 	 500 	 778
93 	 2.2800 	 500 	 779
94 	 2.2840 	 500 	 780
95 	 2.2880 	 500 	 781
96 	 2.2920 	 500 	 782
97 	 2.2960 	 500 	 784
98 	 2.3000 	 500 	 785
99 	 2.3040 	 500 	 786
100 	 2.3080 	 500 	 787
101 	 2.3120 	 500 	 789
102 	 2.3160 	 500 	 790
103 	 2.3200 	 500 	 791
104 	 2.3240 	 500 	 794
105 	 2.3280 	 500 	 796
106 	 2.3320 	 500 	 797
107 	 2.3360 	 500 	 799
108 	 2.3400 	 500 	 800
109 	 2.3440 	 500 	 802
110 	 2.3480 	 500 	 803
111 	 2.3520 	 500 	 804
112 	 2.3560 	 500 	 806
113 	 2.3600 	 500 	 807
114 	 2.3640 	 500 	 810
115 	 2.3680 	 500 	 811
116 	 2.3720 	 500 	 812
117 	 2.3760 	 500 	 813
118 	 2.3800 	 500 	 814
119 	 2.3840 	 500 	 816
120 	 2.3880 	 500 	 817
121 	 2.3920 	 500 	 819
122 	 2.3960 	 500 	 820
123 	 2.4000 	 500 	 821
124 	 2.4040 	 500 	 822
125 	 2.4080 	 500 	 824
126 	 2.4120 	 500 	 825
127 	 2.4160 	 500 	 827
128 	 2.4200 	 500 	 828
129 	 2.4240 	 500 	 831
130 	 2.4280 	 500 	 832
131 	 2.4320 	 500 	 833
132 	 2.4360 	 500 	 836
133 	 2.4400 	 500 	 837
134 	 2.4440 	 500 	 839
135 	 2.4480 	 500 	 840
136 	 2.4520 	 500 	 841
137 	 2.4560 	 500 	 843
138 	 2.4600 	 500 	 844
139 	 2.4640 	 500 	 846
140 	 2.4680 	 500 	 847
141 	 2.4720 	 500 	 850
142 	 2.4760 	 500 	 851
143 	 2.4800 	 500 	 853
144 	 2.4840 	 500 	 854
145 	 2.4880 	 500 	 855
146 	 2.4920 	 500 	 857
147 	 2.4960 	 500 	 858
148 	 2.5000 	 500 	 859
149 	 2.5040 	 500 	 861
150 	 2.5080 	 500 	 862
151 	 2.5120 	 500 	 864
152 	 2.5160 	 500 	 865
153 	 2.5200 	 500 	 868
154 	 2.5240 	 500 	 869
155 	 2.5280 	 500 	 870
156 	 2.5320 	 500 	 871
157 	 2.5360 	 500 	 874
158 	 2.5400 	 500 	 875
159 	 2.5440 	 500 	 877
160 	 2.5480 	 500 	 878
161 	 2.5520 	 500 	 881
162 	 2.5560 	 500 	 882
163 	 2.5600 	 500 	 883
164 	 2.5640 	 500 	 885
165 	 2.5680 	 500 	 886
166 	 2.5720 	 500 	 887
167 	 2.5760 	 500 	 889
168 	 2.5800 	 500 	 891
169 	 2.5840 	 500 	 894
170 	 2.5880 	 500 	 895
171 	 2.5920 	 500 	 897
172 	 2.5960 	 500 	 898
173 	 2.6000 	 500 	 899
174 	 2.6040 	 500 	 900
175 	 2.6080 	 500 	 902
176 	 2.6120 	 500 	 904
177 	 2.6160 	 500 	 905
178 	 2.6200 	 500 	 906
179 	 2.6240 	 500 	 909
180 	 2.6280 	 500 	 910
181 	 2.6320 	 500 	 911
182 	 2.6360 	 500 	 912
183 	 2.6400 	 500 	 915
184 	 2.6440 	 500 	 916
185 	 2.6480 	 500 	 917
186 	 2.6520 	 500 	 919
187 	 2.6560 	 500 	 921
188 	 2.6600 	 500 	 922
189 	 2.6640 	 500 	 924
190 	 2.6680 	 500 	 925
191 	 2.6720 	 500 	 928
192 	 2.6760 	 500 	 929
193 	 2.6800 	 500 	 931
194 	 2.6840 	 500 	 932
195 	 2.6880 	 500 	 933
196 	 2.6920 	 500 	 935
197 	 2.6960 	 500 	 937
198 	 2.7000 	 500 	 938
199 	 2.7040 	 500 	 940
0 	 2.7080 	 500 	 942
1 	 2.7120 	 500 	 943
2 	 2.7160 	 500 	 944
3 	 2.7200 	 500 	 948
4 	 2.7240 	 500 	 949
5 	 2.7280 	 500 	 950
6 	 2.7320 	 500 	 951
7 	 2.7360 	 500 	 953
8 	 2.7400 	 500 	 955
9 	 2.7440 	 500 	 956
10 	 2.7480 	 500 	 957
11 	 2.7520 	 500 	 960
12 	 2.7560 	 500 	 961
13 	 2.7600 	 500 	 962
14 	 2.7640 	 500 	 963
15 	 2.7680 	 500 	 966
16 	 2.7720 	 500 	 967
17 	 2.7760 	 500 	 968
18 	 2.7800 	 500 	 970
19 	 2.7840 	 500 	 972
20 	 2.7880 	 500 	 973
21 	 2.7920 	 500 	 975
22 	 2.7960 	 500 	 977
23 	 2.8000 	 500 	 978
24 	 2.8040 	 500 	 979
25 	 2.8080 	 500 	 980
26 	 2.8120 	 500 	 983
27 	 2.8160 	 500 	 984
28 	 2.8200 	 500 	 986
29 	 2.8240 	 500 	 988
30 	 2.8280 	 500 	 989
31 	 2.8320 	 500 	 991
32 	 2.8360 	 500 	 992
33 	 2.8400 	 500 	 994
34 	 2.8440 	 500 	 996
35 	 2.8480 	 500 	 999
36 	 2.8520 	 500 	 1000
37 	 2.8560 	 500 	 1001
38 	 2.8600 	 500 	 1002
39 	 2.8640 	 500 	 1005
40 	 2.8680 	 500 	 1006
41 	 2.8720 	 500 	 1007
42 	 2.8760 	 500 	 1009
43 	 2.8800 	 500 	 1011
44 	 2.8840 	 500 	 1012
45 	 2.8880 	 500 	 1013
46 	 2.8920 	 500 	 1014
47 	 2.8960 	 500 	 1017
48 	 2.9000 	 500 	 1018
49 	 2.9040 	 500 	 1019
50 	 2.9080 	 500 	 1021
51 	 2.9120 	 500 	 1023
52 	 2.9160 	 500 	 1024
53 	 2.9200 	 500 	 1026
54 	 2.9240 	 500 	 1028
55 	 2.9280 	 500 	 1029
56 	 2.9320 	 500 	 1030
57 	 2.9360 	 500 	 1031
58 	 2.9400 	 500 	 1034
59 	 2.9440 	 500 	 1035
60 	 2.9480 	 500 	 1036
61 	 2.9520 	 500 	 1039
62 	 2.9560 	 500 	 1040
63 	 2.9600 	 500 	 1042
64 	 2.9640 	 500 	 1043
65 	 2.9680 	 500 	 1045
66 	 2.9720 	 500 	 1047
67 	 2.9760 	 500 	 1048
68 	 2.9800 	 500 	 1050
69 	 2.9840 	 500 	 1052
70 	 2.9880 	 500 	 1053
71 	 2.9920 	 500 	 1055
72 	 2.9960 	 500 	 1056
73 	 3.0000 	 500 	 1060
74 	 3.0040 	 500 	 1061
75 	 3.0080 	 500 	 1062
76 	 3.0120 	 500 	 1063
77 	 3.0160 	 500 	 1066
78 	 3.0200 	 500 	 1067
79 	 3.0240 	 500 	 1068
80 	 3.0280 	 500 	 1070
81 	 3.0320 	 500 	 1072
82 	 3.0360 	 500 	 1073
83 	 3.0400 	 500 	 1075
84 	 3.0440 	 500 	 1076
85 	 3.0480 	 500 	 1078
86 	 3.0520 	 500 	 1079
87 	 3.0560 	 500 	 1081
88 	 3.0600 	 500 	 1083
89 	 3.0640 	 500 	 1084
90 	 3.0680 	 500 	 1085
91 	 3.0720 	 500 	 1088
92 	 3.0760 	 500 	 1089
93 	 3.0800 	 500 	 1090
94 	 3.0840 	 500 	 1091
95 	 3.0880 	 500 	 1094
96 	 3.0920 	 500 	 1095
97 	 3.0960 	 500 	 1096
98 	 3.1000 	 500 	 1097
99 	 3.1040 	 500 	 1100
100 	 3.1080 	 500 	 1101
101 	 3.1120 	 500 	 1102
102 	 3.1160 	 500 	 1105
103 	 3.1200 	 500 	 1106
104 	 3.1240 	 500 	 1107
105 	 3.1280 	 500 	 1108
106 	 3.1320 	 500 	 1111
107 	 3.1360 	 500 	 1112
108 	 3.1400 	 500 	 1113
109 	 3.1440 	 500 	 1114
110 	 3.1480 	 500 	 1117
111 	 3.1520 	 500 	 1118
112 	 3.1560 	 500 	 1119
113 	 3.1600 	 500 	 1120
114 	 3.1640 	 500 	 1123
115 	 3.1680 	 500 	 1124
116 	 3.1720 	 500 	 1126
117 	 3.1760 	 500 	 1127
118 	 3.1800 	 500 	 1128
119 	 3.1840 	 500 	 1129
120 	 3.1880 	 500 	 1131
121 	 3.1920 	 500 	 1132
122 	 3.1960 	 500 	 1133
123 	 3.2000 	 500 	 1134
124 	 3.2040 	 500 	 1136
125 	 3.2080 	 500 	 1137
126 	 3.2120 	 500 	 1138
127 	 3.2160 	 500 	 1139
128 	 3.2200 	 500 	 1140
129 	 3.2240 	 500 	 1142
130 	 3.2280 	 500 	 1143
131 	 3.2320 	 500 	 1144
132 	 3.2360 	 500 	 1146
133 	 3.2400 	 500 	 1147
134 	 3.2440 	 500 	 1148
135 	 3.2480 	 500 	 1150
136 	 3.2520 	 500 	 1152
137 	 3.2560 	 500 	 1153
138 	 3.2600 	 500 	 1154
139 	 3.2640 	 500 	 1156
140 	 3.2680 	 500 	 1158
141 	 3.2720 	 500 	 1159
142 	 3.2760 	 500 	 1160
143 	 3.2800 	 500 	 1162
144 	 3.2840 	 500 	 1163
145 	 3.2880 	 500 	 1164
146 	 3.2920 	 500 	 1165
147 	 3.2960 	 500 	 1168
148 	 3.3000 	 500 	 1169
149 	 3.3040 	 500 	 1170
150 	 3.3080 	 500 	 1171
151 	 3.3120 	 500 	 1172
152 	 3.3160 	 500 	 1173
153 	 3.3200 	 500 	 1174
154 	 3.3240 	 500 	 1175
155 	 3.3280 	 500 	 1176
156 	 3.3320 	 500 	 1178
157 	 3.3360 	 500 	 1179
158 	 3.3400 	 500 	 1180
159 	 3.3440 	 500 	 1182
160 	 3.3480 	 500 	 1183
161 	 3.3520 	 500 	 1184
162 	 3.3560 	 500 	 1185
163 	 3.3600 	 500 	 1187
164 	 3.3640 	 500 	 1189
165 	 3.3680 	 500 	 1190
166 	 3.3720 	 500 	 1191
167 	 3.3760 	 500 	 1194
168 	 3.3800 	 500 	 1196
169 	 3.3840 	 500 	 1197
170 	 3.3880 	 500 	 1199
171 	 3.3920 	 500 	 1201
172 	 3.3960 	 500 	 1202
173 	 3.4000 	 500 	 1203
174 	 3.4040 	 500 	 1204
175 	 3.4080 	 500 	 1206
176 	 3.4120 	 500 	 1207
177 	 3.4160 	 500 	 1209
178 	 3.4200 	 500 	 1210
179 	 3.4240 	 500 	 1211
180 	 3.4280 	 500 	 1212
181 	 3.4320 	 500 	 1214
182 	 3.4360 	 500 	 1215
183 	 3.4400 	 500 	 1216
184 	 3.4440 	 500 	 1217
185 	 3.4480 	 500 	 1219
186 	 3.4520 	 500 	 1220
187 	 3.4560 	 500 	 1222
188 	 3.4600 	 500 	 1223
189 	 3.4640 	 500 	 1225
190 	 3.4680 	 500 	 1227
191 	 3.4720 	 500 	 1228
192 	 3.4760 	 500 	 1229
193 	 3.4800 	 500 	 1231
194 	 3.4840 	 500 	 1232
195 	 3.4880 	 500 	 1235
196 	 3.4920 	 500 	 1236
197 	 3.4960 	 500 	 1238
198 	 3.5000 	 500 	 1241
199 	 3.5040 	 500 	 1242
0 	 3.5080 	 500 	 1243
1 	 3.5120 	 500 	 1244
2 	 3.5160 	 500 	 1246
3 	 3.5200 	 500 	 1247
4 	 3.5240 	 500 	 1248
5 	 3.5280 	 500 	 1250
6 	 3.5320 	 500 	 1252
7 	 3.5360 	 500 	 1253
8 	 3.5400 	 500 	 1254
9 	 3.5440 	 500 	 1255
10 	 3.5480 	 500 	 1257
11 	 3.5520 	 500 	 1258
12 	 3.5560 	 500 	 1259
13 	 3.5600 	 500 	 1261
14 	 3.5640 	 500 	 1263
15 	 3.5680 	 500 	 1264
16 	 3.5720 	 500 	 1265
17 	 3.5760 	 500 	 1267
18 	 3.5800 	 500 	 1269
19 	 3.5840 	 500 	 1271
20 	 3.5880 	 500 	 1273
21 	 3.5920 	 500 	 1274
22 	 3.5960 	 500 	 1276
23 	 3.6000 	 500 	 1277
24 	 3.6040 	 500 	 1279
25 	 3.6080 	 500 	 1281
26 	 3.6120 	 500 	 1284
27 	 3.6160 	 500 	 1285
28 	 3.6200 	 500 	 1286
29 	 3.6240 	 500 	 1287
30 	 3.6280 	 500 	 1289
31 	 3.6320 	 500 	 1290
32 	 3.6360 	 500 	 1292
33 	 3.6400 	 500 	 1294
34 	 3.6440 	 500 	 1295
35 	 3.6480 	 500 	 1296
36 	 3.6520 	 500 	 1298
37 	 3.6560 	 500 	 1299
38 	 3.6600 	 500 	 1300
39 	 3.6640 	 500 	 1301
40 	 3.6680 	 500 	 1304
41 	 3.6720 	 500 	 1305
42 	 3.6760 	 500 	 1306
43 	 3.6800 	 500 	 1307
44 	 3.6840 	 500 	 1310
45 	 3.6880 	 500 	 1311
46 	 3.6920 	 500 	 1312
47 	 3.6960 	 500 	 1315
48 	 3.7000 	 500 	 1316
49 	 3.7040 	 500 	 1318
50 	 3.7080 	 500 	 1319
51 	 3.7120 	 500 	 1322
52 	 3.7160 	 500 	 1323
53 	 3.7200 	 500 	 1324
54 	 3.7240 	 500 	 1326
55 	 3.7280 	 500 	 1328
56 	 3.7320 	 500 	 1331
57 	 3.7360 	 500 	 1332
58 	 3.7400 	 500 	 1333
59 	 3.7440 	 500 	 1335
60 	 3.7480 	 500 	 1336
61 	 3.7520 	 500 	 1338
62 	 3.7560 	 500 	 1340
63 	 3.7600 	 500 	 1341
64 	 3.7640 	 500 	 1342
65 	 3.7680 	 500 	 1344
66 	 3.7720 	 500 	 1345
67 	 3.7760 	 500 	 1346
68 	 3.7800 	 500 	 1347
69 	 3.7840 	 500 	 1350
70 	 3.7880 	 500 	 1351
71 	 3.7920 	 500 	 1352
72 	 3.7960 	 500 	 1353
73 	 3.8000 	 500 	 1356
74 	 3.8040 	 500 	 1357
75 	 3.8080 	 500 	 1358
76 	 3.8120 	 500 	 1360
77 	 3.8160 	 500 	 1362
78 	 3.8200 	 500 	 1363
79 	 3.8240 	 500 	 1365
80 	 3.8280 	 500 	 1366
81 	 3.8320 	 500 	 1369
82 	 3.8360 	 500 	 1370
83 	 3.8400 	 500 	 1371
84 	 3.8440 	 500 	 1374
85 	 3.8480 	 500 	 1375
86 	 3.8520 	 500 	 1376
87 	 3.8560 	 500 	 1379
88 	 3.8600 	 500 	 1380
89 	 3.8640 	 500 	 1382
90 	 3.8680 	 500 	 1383
91 	 3.8720 	 500 	 1386
92 	 3.8760 	 500 	 1387
93 	 3.8800 	 500 	 1389
94 	 3.8840 	 500 	 1390
95 	 3.8880 	 500 	 1392
96 	 3.8920 	 500 	 1393
97 	 3.8960 	 500 	 1395
98 	 3.9000 	 500 	 1396
99 	 3.9040 	 500 	 1397
100 	 3.9080 	 500 	 1398
101 	 3.9120 	 500 	 1401
102 	 3.9160 	 500 	 1402
103 	 3.9200 	 500 	 1403
104 	 3.9240 	 500 	 1404
105 	 3.9280 	 500 	 1407
106 	 3.9320 	 500 	 1408
107 	 3.9360 	 500 	 1409
108 	 3.9400 	 500 	 1412
109 	 3.9440 	 500 	 1413
110 	 3.9480 	 500 	 1414
111 	 3.9520 	 500 	 1415
112 	 3.9560 	 500 	 1418
113 	 3.9600 	 500 	 1419
114 	 3.9640 	 500 	 1421
115 	 3.9680 	 500 	 1422
116 	 3.9720 	 500 	 1424
117 	 3.9760 	 500 	 1425
118 	 3.9800 	 500 	 1427
119 	 3.9840 	 500 	 1429
120 	 3.9880 	 500 	 1431
121 	 3.9920 	 500 	 1432
122 	 3.9960 	 500 	 1435
123 	 4.0000 	 500 	 1436
124 	 4.0040 	 500 	 1437
125 	 4.0080 	 500 	 1439
126 	 4.0120 	 500 	 1441
127 	 4.0160 	 500 	 1444
128 	 4.0200 	 500 	 1445
129 	 4.0240 	 500 	 1447
130 	 4.0280 	 500 	 1448
131 	 4.0320 	 500 	 1450
132 	 4.0360 	 500 	 1451
133 	 4.0400 	 500 	 1452
134 	 4.0440 	 500 	 1454
135 	 4.0480 	 500 	 1456
136 	 4.0520 	 500 	 1457
137 	 4.0560 	 500 	 1458
138 	 4.0600 	 500 	 1461
139 	 4.0640 	 500 	 1462
140 	 4.0680 	 500 	 1463
141 	 4.0720 	 500 	 1465
142 	 4.0760 	 500 	 1467
143 	 4.0800 	 500 	 1468
144 	 4.0840 	 500 	 1469
145 	 4.0880 	 500 	 1471
146 	 4.0920 	 500 	 1473
147 	 4.0960 	 500 	 1474
148 	 4.1000 	 500 	 1476
149 	 4.1040 	 500 	 1478
150 	 4.1080 	 500 	 1479
151 	 4.1120 	 500 	 1481
152 	 4.1160 	 500 	 1482
153 	 4.1200 	 500 	 1484
154 	 4.1240 	 500 	 1486
155 	 4.1280 	 500 	 1487
156 	 4.1320 	 500 	 1490
157 	 4.1360 	 500 	 1491
158 	 4.1400 	 500 	 1492
159 	 4.1440 	 500 	 1494
160 	 4.1480 	 500 	 1495
161 	 4.1520 	 500 	 1497
162 	 4.1560 	 500 	 1499
163 	 4.1600 	 500 	 1500
164 	 4.1640 	 500 	 1502
165 	 4.1680 	 500 	 1503
166 	 4.1720 	 500 	 1504
167 	 4.1760 	 500 	 1505
168 	 4.1800 	 500 	 1507
169 	 4.1840 	 500 	 1509
170 	 4.1880 	 500 	 1510
171 	 4.1920 	 500 	 1512
172 	 4.1960 	 500 	 1513
173 	 4.2000 	 500 	 1514
174 	 4.2040 	 500 	 1516
175 	 4.2080 	 500 	 1518
176 	 4.2120 	 500 	 1519
177 	 4.2160 	 500 	 1520
178 	 4.2200 	 500 	 1521
179 	 4.2240 	 500 	 1523
180 	 4.2280 	 500 	 1524
181 	 4.2320 	 500 	 1526
182 	 4.2360 	 500 	 1527
183 	 4.2400 	 500 	 1528
184 	 4.2440 	 500 	 1529
185 	 4.2480 	 500 	 1531
186 	 4.2520 	 500 	 1532
187 	 4.2560 	 500 	 1533
188 	 4.2600 	 500 	 1535
189 	 4.2640 	 500 	 1536
190 	 4.2680 	 500 	 1538
191 	 4.2720 	 500 	 1539
192 	 4.2760 	 500 	 1540
193 	 4.2800 	 500 	 1541
194 	 4.2840 	 500 	 1542
195 	 4.2880 	 500 	 1544
196 	 4.2920 	 500 	 1546
197 	 4.2960 	 500 	 1547
198 	 4.3000 	 500 	 1549
199 	 4.3040 	 500 	 1550
0 	 4.3080 	 500 	 1551
1 	 4.3120 	 500 	 1553
