1 0.1611 40 1
2 0.2355 40 4
3 0.2410 40 5
4 0.3099 40 10
5 0.3154 40 11
6 0.3210 40 12
7 0.3265 40 13
8 0.3869 40 37
9 0.3951 40 40
10 0.4033 40 43
11 0.4115 40 46
12 0.4198 40 51
13 0.4280 40 56
14 0.4362 40 61
15 0.4444 40 66
16 0.4819 40 84
17 0.4902 40 87
18 0.4984 40 90
19 0.5066 40 94
20 0.5148 40 99
21 0.5230 40 104
22 0.5312 40 109
23 0.5394 40 114
24 0.5477 40 118
25 0.5559 40 122
26 0.5641 40 126
27 0.5723 40 130
28 0.5805 40 134
29 0.5887 40 138
31 0.5969 40 142
32 0.6238 40 153
34 0.6320 40 156
36 0.6402 40 159
38 0.6485 40 162
40 0.6567 40 165
41 0.6649 40 169
42 0.6731 40 172
43 0.6840 40 176
44 0.6949 40 180
45 0.7031 40 183
46 0.7113 40 186
47 0.7195 40 189
48 0.7277 40 192
49 0.7359 40 195
50 0.7681 40 204
51 1.0429 40 275
52 1.1189 40 297
53 1.1271 40 300
54 1.1949 40 322
55 1.2031 40 325
56 1.2113 40 328
57 1.2195 40 331
58 1.2709 40 354
59 1.2791 40 357
60 1.2873 40 360
61 1.2982 40 363
62 1.3064 40 367
63 1.3146 40 371
64 1.3229 40 374
65 1.3311 40 377
66 1.3393 40 380
67 1.3715 40 394
68 1.4064 40 404
69 1.4173 40 408
70 1.4281 40 412
71 1.4390 40 417
72 1.4472 40 420
73 1.4714 40 430
74 1.5010 40 440
75 1.5119 40 445
76 1.5254 40 449
77 1.5390 40 455
78 1.5498 40 459
79 1.5581 40 463
80 1.5769 40 470
81 1.6011 40 479
82 1.6147 40 486
83 1.6282 40 490
84 1.6445 40 496
85 1.6553 40 501
86 1.6689 40 506
87 1.6851 40 512
88 1.6933 40 516
89 1.7122 40 523
90 1.7284 40 531
91 1.7419 40 535
92 1.7582 40 541
93 1.7717 40 547
94 1.7853 40 552
95 1.8015 40 558
96 1.8123 40 563
97 1.8206 40 567
98 1.8368 40 573
99 1.8530 40 580
100 1.8692 40 587
101 1.8854 40 593
102 1.8990 40 598
103 1.9125 40 603
104 1.9287 40 609
105 1.9423 40 614
106 1.9531 40 619
107 1.9694 40 625
108 1.9776 40 629
109 1.9885 40 634
110 2.0047 40 640
111 2.0209 40 648
112 2.0344 40 652
113 2.0480 40 658
114 2.0615 40 663
115 2.0777 40 669
116 2.0886 40 674
117 2.1022 40 679
118 2.1130 40 684
119 2.1186 40 687
120 2.1295 40 691
121 2.1430 40 697
122 2.1592 40 704
123 2.1728 40 710
125 2.1943 40 718
126 2.2079 40 724
127 2.2214 40 728
128 2.2350 40 734
129 2.2458 40 738
130 2.2567 40 743
131 2.2676 40 747
132 2.2731 40 749
133 2.2840 40 753
134 2.3002 40 758
135 2.3111 40 762
136 2.3327 40 770
137 2.3435 40 775
138 2.3544 40 778
139 2.4026 40 795
140 2.4189 40 800
141 2.4324 40 804
142 2.4513 40 812
143 2.4648 40 817
144 2.4784 40 821
145 2.5159 40 836
146 2.5321 40 841
147 2.5457 40 845
148 2.5646 40 853
149 2.5781 40 858
150 2.5863 40 861
151 2.5999 40 867
152 2.6294 40 878
153 2.6456 40 884
154 2.6592 40 889
155 2.6781 40 896
156 2.6943 40 902
157 2.7051 40 906
158 2.7134 40 910
159 2.7242 40 914
160 2.7485 40 924
161 2.7647 40 931
162 2.7809 40 937
163 2.7998 40 944
164 2.8160 40 950
165 2.8269 40 954
166 2.8377 40 958
167 2.8513 40 964
168 2.8595 40 968
169 2.8784 40 974
170 2.8946 40 983
171 2.9108 40 989
172 2.9297 40 995
173 2.9459 40 1001
174 2.9594 40 1006
175 2.9703 40 1010
176 2.9839 40 1016
177 2.9947 40 1021
178 3.0030 40 1025
179 3.0165 40 1030
180 3.0327 40 1036
181 3.0489 40 1044
182 3.0625 40 1048
183 3.0787 40 1055
184 3.0922 40 1060
185 3.1058 40 1065
186 3.1193 40 1071
188 3.1382 40 1078
189 3.1491 40 1082
190 3.1573 40 1086
191 3.1682 40 1090
192 3.1844 40 1097
193 3.1979 40 1102
194 3.2142 40 1107
195 3.2277 40 1112
196 3.2386 40 1116
197 3.2548 40 1121
198 3.2737 40 1127
199 3.2846 40 1131
0 3.2928 40 1135
1 3.3517 40 1155
2 3.3679 40 1160
3 3.3841 40 1166
4 3.3976 40 1170
5 3.4085 40 1175
6 3.4167 40 1179
7 3.4596 40 1194
8 3.4758 40 1199
9 3.4920 40 1206
10 3.5056 40 1210
11 3.5191 40 1216
12 3.5300 40 1220
13 3.5649 40 1233
14 3.5731 40 1236
15 3.5866 40 1241
16 3.6029 40 1247
17 3.6164 40 1253
18 3.6326 40 1259
19 3.6462 40 1264
20 3.6730 40 1274
21 3.6839 40 1279
22 3.6921 40 1282
23 3.7057 40 1287
24 3.7219 40 1293
25 3.7354 40 1299
26 3.7517 40 1306
27 3.7679 40 1313
28 3.7894 40 1320
29 3.8030 40 1326
30 3.8138 40 1329
31 3.8274 40 1335
32 3.8383 40 1339
33 3.8518 40 1345
34 3.8654 40 1350
35 3.8816 40 1357
36 3.8978 40 1364
37 3.9167 40 1371
38 3.9329 40 1377
39 3.9464 40 1381
40 3.9600 40 1387
41 3.9735 40 1392
42 3.9817 40 1396
43 3.9899 40 1399
44 4.0035 40 1405
45 4.0170 40 1411
46 4.0333 40 1418
47 4.0521 40 1426
48 4.0657 40 1431
49 4.0792 40 1436
50 4.0928 40 1441
51 4.1063 40 1446
52 4.1172 40 1451
53 4.1281 40 1456
55 4.1416 40 1461
56 4.1525 40 1466
57 4.1687 40 1472
58 4.1876 40 1480
59 4.1985 40 1483
60 4.2147 40 1490
61 4.2256 40 1493
62 4.2418 40 1498
63 4.2527 40 1502
64 4.2635 40 1506
65 4.2771 40 1510
66 4.2880 40 1515
67 4.3042 40 1521
68 4.3657 40 1533
69 4.3793 40 1534
70 4.3928 40 1535
71 4.4064 40 1537
72 4.4199 40 1539
73 4.4255 40 1541
74 4.4401 40 1543
75 4.4537 40 1545
76 4.4672 40 1548
77 4.4808 40 1550
78 4.4943 40 1552
79 4.4999 40 1554
80 4.5054 40 1555
81 4.5145 40 1557
82 4.5281 40 1559
83   
84   
85   
86   
