1 0.1611 40 1
2 0.2355 40 4
3 0.2410 40 5
4 0.3099 40 10
5 0.3154 40 11
6 0.3210 40 12
7 0.3265 40 13
8 0.3869 40 37
9 0.3951 40 40
10 0.4033 40 43
11 0.4115 40 46
12 0.4198 40 51
13 0.4280 40 56
14 0.4362 40 61
15 0.4444 40 66
16 0.4819 40 84
17 0.4902 40 87
18 0.4984 40 90
19 0.5066 40 94
20 0.5148 40 99
21 0.5230 40 104
22 0.5312 40 109
23 0.5394 40 114
24 0.5477 40 118
25 0.5559 40 122
26 0.5641 40 126
27 0.5723 40 130
28 0.5805 40 134
29 0.5887 40 138
31 0.5970 48 142
32 0.6239 48 153
34 0.6322 56 156
36 0.6406 64 159
38 0.6488 64 162
40 0.6570 64 165
41 0.6652 64 169
42 0.6734 64 172
43 0.6843 64 176
44 0.6952 64 180
45 0.7034 64 183
46 0.7116 64 186
47 0.7198 64 189
48 0.7280 64 192
49 0.7362 64 196
50 0.7685 64 208
51 0.8193 64 225
52 0.8301 56 228
53 0.8409 48 232
54 0.8517 40 238
55 0.8839 40 252
56 0.8921 40 255
57 0.9003 40 258
58 0.9352 40 271
59 0.9434 40 274
60 0.9543 40 277
61 0.9625 40 280
62 0.9707 40 285
63 0.9789 40 289
64 0.9898 40 293
65 1.0167 40 304
66 1.0275 40 309
68 1.0599 48 321
69 1.0707 48 325
70 1.0843 48 329
71 1.0952 48 334
72 1.1061 48 338
73 1.1169 48 343
74 1.1278 48 347
75 1.1494 48 353
76 1.1576 48 356
77 1.1658 48 359
78 1.1927 48 368
79 1.2062 48 373
80 1.2197 40 378
81 1.2705 40 394
82 1.2814 40 398
83 1.3056 40 406
84 1.3218 40 412
85 1.3354 40 417
86 1.3756 40 432
87 1.3865 40 435
88 1.4080 40 443
89 1.4162 40 446
90 1.4298 40 451
91 1.4460 40 457
92 1.4782 40 470
93 1.4918 40 475
94 1.5106 40 482
95 1.5215 40 485
96 1.5297 40 489
97 1.5406 40 493
98 1.5595 40 501
99 1.5864 40 511
100 1.5999 40 517
101 1.6188 40 524
102 1.6297 40 527
103 1.6406 40 532
104 1.6541 40 537
105 1.6623 40 541
106 1.6785 40 547
107 1.7027 40 558
108 1.7163 40 563
109 1.7352 40 570
110 1.7461 40 573
111 1.7596 40 579
112 1.7758 40 585
113 1.7867 40 590
114 1.7949 40 594
115 1.8085 40 599
116 1.8300 40 607
117 1.8435 40 614
118 1.8624 40 620
119 1.8760 40 626
120 1.8895 40 630
121 1.9057 40 636
122 1.9193 40 642
123 1.9302 40 646
124 1.9437 40 652
125 1.9519 40 656
126 1.9681 40 662
127 1.9817 40 667
128 1.9979 40 674
129 2.0114 40 680
130 2.0223 40 684
131 2.0385 40 690
132 2.0547 40 698
134 2.0764 48 705
137 2.0981 56 712
138 2.1116 56 718
139 2.1278 56 723
140 2.1414 56 728
141 2.1549 56 734
142 2.1711 56 739
143 2.1873 56 744
144 2.2062 56 749
145 2.2278 56 756
146 2.2412 48 761
147 2.3107 48 783
148 2.3295 40 788
149 2.3431 40 795
150 2.3513 40 798
151 2.4022 40 815
152 2.4104 40 818
153 2.4239 40 823
154 2.4401 40 829
155 2.4510 40 834
156 2.4592 40 838
157 2.4968 40 852
158 2.5077 40 856
159 2.5212 40 860
160 2.5374 40 866
161 2.5510 40 872
162 2.5618 40 876
163 2.5701 40 880
164 2.5969 40 890
165 2.6105 40 896
166 2.6240 40 901
167 2.6402 40 907
168 2.6565 40 914
169 2.6673 40 918
170 2.6809 40 923
171 2.6891 40 927
172 2.7080 40 934
173 2.7242 40 941
174 2.7377 40 945
175 2.7539 40 952
176 2.7702 40 959
177 2.7837 40 964
178 2.7973 40 969
179 2.8081 40 974
180 2.8270 40 981
181 2.8352 40 985
182 2.8488 40 990
183 2.8623 40 995
184 2.8812 40 1004
185 2.8974 40 1010
186 2.9110 40 1015
187 2.9245 40 1020
188 2.9381 40 1025
189 2.9569 40 1033
190 2.9678 40 1037
191 2.9760 40 1041
192 2.9842 40 1044
193 3.0005 40 1051
194 3.0167 40 1059
195 3.0329 40 1065
196 3.0464 40 1069
197 3.0573 40 1074
198 3.0735 40 1080
199 3.0897 40 1087
0 3.1033 40 1092
2 3.1196 48 1098
4 3.1333 56 1103
5 3.1495 56 1109
6 3.1657 56 1116
7 3.1792 56 1121
8 3.1901 56 1125
9 3.2063 56 1130
10 3.2225 56 1135
11 3.2387 56 1141
12 3.2523 56 1145
13 3.2658 56 1149
14 3.2819 48 1155
15 3.3487 40 1177
16 3.3623 40 1181
17 3.3785 40 1186
18 3.3947 40 1195
19 3.4029 40 1198
20 3.4485 40 1213
21 3.4647 40 1218
22 3.4729 40 1221
23 3.4864 40 1226
24 3.5026 40 1233
25 3.5135 40 1237
26 3.5484 40 1251
27 3.5646 40 1256
28 3.5755 40 1260
29 3.5917 40 1266
30 3.5999 40 1270
31 3.6135 40 1275
32 3.6243 40 1280
33 3.6539 40 1291
34 3.6701 40 1297
35 3.6837 40 1302
36 3.6999 40 1308
37 3.7107 40 1313
38 3.7190 40 1317
39 3.7298 40 1320
40 3.7434 40 1327
41 3.7703 40 1337
42 3.7865 40 1343
43 3.8000 40 1348
44 3.8162 40 1354
45 3.8298 40 1359
46 3.8407 40 1364
47 3.8489 40 1368
48 3.8598 40 1372
49 3.8733 40 1378
50 3.8975 40 1388
51 3.9137 40 1394
52 3.9273 40 1399
53 3.9435 40 1405
54 3.9570 40 1410
55 3.9706 40 1416
56 3.9815 40 1420
57 3.9950 40 1426
58 4.0032 40 1430
59 4.0114 40 1433
60 4.0303 40 1440
61 4.0465 40 1449
62 4.0627 40 1455
63 4.0763 40 1459
64 4.0898 40 1464
65 4.1061 40 1470
66 4.1169 40 1475
67 4.1305 40 1480
68 4.1414 40 1485
70 4.1497 48 1489
71 4.1686 48 1496
73 4.1955 56 1506
74 4.2091 56 1511
75 4.2226 56 1515
76 4.2389 56 1522
77 4.2497 56 1525
78 4.2659 56 1530
79 4.2768 56 1534
80 4.2850 56 1537
81 4.3039 56 1543
82 4.3280 48 1552
83 4.3868 40 1557
84 4.3977 40 1558
85 4.4139 40 1559
86 4.4194 40 1561
87 4.4250 40 1562
88 4.4612 40 1568
89 4.4721 40 1569
90 4.4776 40 1570
91 4.4883 40 1571
92 4.4938 40 1573
93 4.4994 40 1574
94   
95   
96   
97   
98   
99   
100   
