1 	 0.3120 	 500 	 14
2 	 0.3160 	 500 	 15
3 	 0.3200 	 500 	 16
4 	 0.3240 	 500 	 19
5 	 0.3280 	 500 	 22
6 	 0.3320 	 500 	 23
7 	 0.3360 	 500 	 26
8 	 0.3400 	 500 	 29
9 	 0.3440 	 500 	 30
10 	 0.3480 	 500 	 31
11 	 0.3520 	 500 	 32
12 	 0.3560 	 500 	 33
13 	 0.3600 	 500 	 34
14 	 0.3640 	 500 	 35
15 	 0.3680 	 500 	 36
16 	 0.3720 	 500 	 38
17 	 0.3760 	 500 	 39
18 	 0.3800 	 500 	 41
19 	 0.3840 	 500 	 42
20 	 0.3880 	 500 	 44
21 	 0.3920 	 500 	 45
22 	 0.3960 	 500 	 47
23 	 0.4000 	 500 	 50
24 	 0.4040 	 500 	 52
25 	 0.4080 	 500 	 55
26 	 0.4120 	 500 	 57
27 	 0.4160 	 500 	 60
28 	 0.4200 	 500 	 62
29 	 0.4240 	 500 	 65
30 	 0.4280 	 500 	 67
31 	 0.4320 	 500 	 70
34 	 0.4440 	 500 	 75
36 	 0.4520 	 500 	 79
39 	 0.4640 	 500 	 85
41 	 0.4720 	 500 	 88
42 	 0.4760 	 500 	 89
43 	 0.4800 	 500 	 91
44 	 0.4840 	 500 	 92
45 	 0.4880 	 500 	 93
46 	 0.4920 	 500 	 95
47 	 0.4960 	 500 	 98
48 	 0.5000 	 500 	 100
49 	 0.5040 	 500 	 103
51 	 0.5120 	 500 	 108
52 	 0.5160 	 500 	 110
55 	 0.5280 	 500 	 117
57 	 0.5360 	 500 	 122
59 	 0.5440 	 500 	 126
61 	 0.5520 	 500 	 130
63 	 0.5600 	 500 	 134
66 	 0.5720 	 500 	 138
67 	 0.5760 	 500 	 139
68 	 0.5800 	 500 	 140
69 	 0.5840 	 500 	 142
70 	 0.5880 	 500 	 144
71 	 0.5920 	 500 	 146
72 	 0.5960 	 500 	 147
73 	 0.6000 	 500 	 149
74 	 0.6040 	 500 	 150
75 	 0.6080 	 500 	 151
76 	 0.6120 	 500 	 153
77 	 0.6160 	 500 	 154
78 	 0.6200 	 500 	 156
79 	 0.6240 	 500 	 157
80 	 0.6280 	 500 	 159
81 	 0.6320 	 500 	 160
82 	 0.6360 	 500 	 162
83 	 0.6400 	 500 	 163
84 	 0.6440 	 500 	 165
85 	 0.6480 	 500 	 166
86 	 0.6520 	 500 	 168
87 	 0.6560 	 500 	 169
88 	 0.6600 	 500 	 171
89 	 0.6640 	 500 	 173
90 	 0.6680 	 500 	 174
91 	 0.6720 	 500 	 176
92 	 0.6760 	 500 	 177
93 	 0.6800 	 500 	 178
94 	 0.6840 	 500 	 181
95 	 0.6880 	 500 	 182
96 	 0.6920 	 500 	 184
97 	 0.6960 	 500 	 186
98 	 0.7000 	 500 	 187
99 	 0.7040 	 500 	 188
100 	 0.7080 	 500 	 189
101 	 0.7120 	 500 	 190
102 	 0.7160 	 500 	 193
103 	 0.7200 	 500 	 194
104 	 0.7240 	 500 	 195
105 	 0.7280 	 500 	 196
106 	 0.7320 	 500 	 197
107 	 0.7360 	 500 	 198
108 	 0.7400 	 500 	 199
109 	 0.7440 	 500 	 201
110 	 0.7480 	 500 	 202
111 	 0.7520 	 500 	 203
112 	 0.7560 	 500 	 205
113 	 0.7600 	 500 	 206
114 	 0.7640 	 500 	 207
115 	 0.7680 	 500 	 209
116 	 0.7720 	 500 	 210
117 	 0.7760 	 500 	 214
118 	 0.7800 	 500 	 215
119 	 0.7840 	 500 	 216
120 	 0.7880 	 500 	 219
121 	 0.7920 	 500 	 220
122 	 0.7960 	 500 	 224
123 	 0.8000 	 500 	 225
124 	 0.8040 	 500 	 227
125 	 0.8080 	 500 	 230
127 	 0.8160 	 500 	 232
128 	 0.8200 	 500 	 233
129 	 0.8240 	 500 	 235
131 	 0.8320 	 500 	 238
133 	 0.8400 	 500 	 240
134 	 0.8440 	 500 	 241
135 	 0.8480 	 500 	 243
136 	 0.8520 	 500 	 244
137 	 0.8560 	 500 	 246
138 	 0.8600 	 500 	 247
139 	 0.8640 	 500 	 249
140 	 0.8680 	 500 	 250
141 	 0.8720 	 500 	 252
142 	 0.8760 	 500 	 253
143 	 0.8800 	 500 	 255
144 	 0.8840 	 500 	 257
145 	 0.8880 	 500 	 259
146 	 0.8920 	 500 	 261
147 	 0.8960 	 500 	 263
148 	 0.9000 	 500 	 265
149 	 0.9040 	 500 	 267
150 	 0.9080 	 500 	 269
151 	 0.9120 	 500 	 270
152 	 0.9160 	 500 	 272
153 	 0.9200 	 500 	 274
155 	 0.9280 	 500 	 278
157 	 0.9360 	 500 	 281
159 	 0.9440 	 500 	 284
160 	 0.9480 	 500 	 285
161 	 0.9520 	 500 	 287
163 	 0.9600 	 500 	 291
166 	 0.9720 	 500 	 296
167 	 0.9760 	 500 	 297
168 	 0.9800 	 500 	 298
169 	 0.9840 	 500 	 300
170 	 0.9880 	 500 	 301
171 	 0.9920 	 500 	 303
172 	 0.9960 	 500 	 305
173 	 1.0000 	 500 	 306
174 	 1.0040 	 500 	 308
175 	 1.0080 	 500 	 310
176 	 1.0120 	 500 	 311
177 	 1.0160 	 500 	 313
178 	 1.0200 	 500 	 315
179 	 1.0240 	 500 	 317
181 	 1.0320 	 500 	 320
182 	 1.0360 	 500 	 322
184 	 1.0440 	 500 	 325
185 	 1.0480 	 500 	 328
186 	 1.0520 	 500 	 329
187 	 1.0560 	 500 	 332
189 	 1.0640 	 500 	 335
191 	 1.0720 	 500 	 338
192 	 1.0760 	 500 	 339
193 	 1.0800 	 500 	 341
195 	 1.0880 	 500 	 345
196 	 1.0920 	 500 	 348
197 	 1.0960 	 500 	 350
198 	 1.1000 	 500 	 351
199 	 1.1040 	 500 	 352
0 	 1.1080 	 500 	 354
1 	 1.1120 	 500 	 355
2 	 1.1160 	 500 	 357
3 	 1.1200 	 500 	 358
4 	 1.1240 	 500 	 361
5 	 1.1280 	 500 	 362
6 	 1.1320 	 500 	 364
7 	 1.1360 	 500 	 365
9 	 1.1440 	 500 	 369
10 	 1.1480 	 500 	 370
11 	 1.1520 	 500 	 372
12 	 1.1560 	 500 	 374
13 	 1.1600 	 500 	 375
14 	 1.1640 	 500 	 378
16 	 1.1720 	 500 	 380
18 	 1.1800 	 500 	 384
19 	 1.1840 	 500 	 387
20 	 1.1880 	 500 	 388
21 	 1.1920 	 500 	 390
23 	 1.2000 	 500 	 392
24 	 1.2040 	 500 	 394
26 	 1.2120 	 500 	 397
28 	 1.2200 	 500 	 401
29 	 1.2240 	 500 	 402
30 	 1.2280 	 500 	 403
31 	 1.2320 	 500 	 405
32 	 1.2360 	 500 	 407
33 	 1.2400 	 500 	 408
34 	 1.2440 	 500 	 409
35 	 1.2480 	 500 	 411
36 	 1.2520 	 500 	 413
37 	 1.2560 	 500 	 414
38 	 1.2600 	 500 	 416
39 	 1.2640 	 500 	 418
40 	 1.2680 	 500 	 420
41 	 1.2720 	 500 	 421
42 	 1.2760 	 500 	 422
43 	 1.2800 	 500 	 424
45 	 1.2880 	 500 	 426
46 	 1.2920 	 500 	 428
47 	 1.2960 	 500 	 429
48 	 1.3000 	 500 	 431
49 	 1.3040 	 500 	 432
50 	 1.3080 	 500 	 434
51 	 1.3120 	 500 	 435
52 	 1.3160 	 500 	 436
53 	 1.3200 	 500 	 437
54 	 1.3240 	 500 	 438
55 	 1.3280 	 500 	 440
56 	 1.3320 	 500 	 442
57 	 1.3360 	 500 	 443
58 	 1.3400 	 500 	 445
59 	 1.3440 	 500 	 447
60 	 1.3480 	 500 	 448
61 	 1.3520 	 500 	 449
62 	 1.3560 	 500 	 450
63 	 1.3600 	 500 	 453
64 	 1.3640 	 500 	 454
65 	 1.3680 	 500 	 455
67 	 1.3760 	 500 	 458
68 	 1.3800 	 500 	 459
69 	 1.3840 	 500 	 460
70 	 1.3880 	 500 	 463
71 	 1.3920 	 500 	 464
72 	 1.3960 	 500 	 465
73 	 1.4000 	 500 	 466
74 	 1.4040 	 500 	 467
75 	 1.4080 	 500 	 469
76 	 1.4120 	 500 	 470
77 	 1.4160 	 500 	 472
78 	 1.4200 	 500 	 473
79 	 1.4240 	 500 	 474
80 	 1.4280 	 500 	 475
81 	 1.4320 	 500 	 477
82 	 1.4360 	 500 	 479
84 	 1.4440 	 500 	 481
85 	 1.4480 	 500 	 484
86 	 1.4520 	 500 	 485
87 	 1.4560 	 500 	 486
88 	 1.4600 	 500 	 487
89 	 1.4640 	 500 	 490
90 	 1.4680 	 500 	 491
91 	 1.4720 	 500 	 493
92 	 1.4760 	 500 	 495
93 	 1.4800 	 500 	 496
94 	 1.4840 	 500 	 497
95 	 1.4880 	 500 	 498
96 	 1.4920 	 500 	 499
97 	 1.4960 	 500 	 502
98 	 1.5000 	 500 	 503
99 	 1.5040 	 500 	 505
101 	 1.5120 	 500 	 508
102 	 1.5160 	 500 	 510
103 	 1.5200 	 500 	 511
104 	 1.5240 	 500 	 512
105 	 1.5280 	 500 	 513
106 	 1.5320 	 500 	 515
107 	 1.5360 	 500 	 517
108 	 1.5400 	 500 	 518
109 	 1.5440 	 500 	 519
110 	 1.5480 	 500 	 522
111 	 1.5520 	 500 	 523
112 	 1.5560 	 500 	 524
113 	 1.5600 	 500 	 525
114 	 1.5640 	 500 	 528
115 	 1.5680 	 500 	 529
116 	 1.5720 	 500 	 531
117 	 1.5760 	 500 	 533
118 	 1.5800 	 500 	 535
120 	 1.5880 	 500 	 537
121 	 1.5920 	 500 	 538
122 	 1.5960 	 500 	 540
123 	 1.6000 	 500 	 541
124 	 1.6040 	 500 	 543
125 	 1.6080 	 500 	 545
126 	 1.6120 	 500 	 548
127 	 1.6160 	 500 	 549
128 	 1.6200 	 500 	 551
129 	 1.6240 	 500 	 552
130 	 1.6280 	 500 	 553
131 	 1.6320 	 500 	 554
132 	 1.6360 	 500 	 557
133 	 1.6400 	 500 	 558
134 	 1.6440 	 500 	 559
135 	 1.6480 	 500 	 560
137 	 1.6560 	 500 	 564
138 	 1.6600 	 500 	 565
139 	 1.6640 	 500 	 567
140 	 1.6680 	 500 	 569
141 	 1.6720 	 500 	 570
142 	 1.6760 	 500 	 572
143 	 1.6800 	 500 	 574
144 	 1.6840 	 500 	 576
145 	 1.6880 	 500 	 577
146 	 1.6920 	 500 	 579
147 	 1.6960 	 500 	 581
148 	 1.7000 	 500 	 582
149 	 1.7040 	 500 	 584
150 	 1.7080 	 500 	 585
151 	 1.7120 	 500 	 586
152 	 1.7160 	 500 	 589
153 	 1.7200 	 500 	 590
154 	 1.7240 	 500 	 593
155 	 1.7280 	 500 	 595
156 	 1.7320 	 500 	 596
157 	 1.7360 	 500 	 597
158 	 1.7400 	 500 	 598
159 	 1.7440 	 500 	 601
160 	 1.7480 	 500 	 602
161 	 1.7520 	 500 	 603
162 	 1.7560 	 500 	 604
163 	 1.7600 	 500 	 607
164 	 1.7640 	 500 	 608
165 	 1.7680 	 500 	 609
166 	 1.7720 	 500 	 612
167 	 1.7760 	 500 	 613
168 	 1.7800 	 500 	 614
169 	 1.7840 	 500 	 616
170 	 1.7880 	 500 	 618
171 	 1.7920 	 500 	 619
172 	 1.7960 	 500 	 620
174 	 1.8040 	 500 	 624
175 	 1.8080 	 500 	 625
176 	 1.8120 	 500 	 627
177 	 1.8160 	 500 	 629
178 	 1.8200 	 500 	 630
179 	 1.8240 	 500 	 631
180 	 1.8280 	 500 	 633
181 	 1.8320 	 500 	 634
182 	 1.8360 	 500 	 636
183 	 1.8400 	 500 	 637
184 	 1.8440 	 500 	 640
185 	 1.8480 	 500 	 641
186 	 1.8520 	 500 	 642
187 	 1.8560 	 500 	 643
188 	 1.8600 	 500 	 646
190 	 1.8680 	 500 	 648
191 	 1.8720 	 500 	 649
192 	 1.8760 	 500 	 651
193 	 1.8800 	 500 	 652
194 	 1.8840 	 500 	 654
195 	 1.8880 	 500 	 655
196 	 1.8920 	 500 	 656
197 	 1.8960 	 500 	 657
198 	 1.9000 	 500 	 659
199 	 1.9040 	 500 	 660
0 	 1.9080 	 500 	 661
1 	 1.9120 	 500 	 662
2 	 1.9160 	 500 	 663
3 	 1.9200 	 500 	 665
4 	 1.9240 	 500 	 666
5 	 1.9280 	 500 	 668
6 	 1.9320 	 500 	 670
7 	 1.9360 	 500 	 671
8 	 1.9400 	 500 	 672
9 	 1.9440 	 500 	 674
10 	 1.9480 	 500 	 676
11 	 1.9520 	 500 	 677
12 	 1.9560 	 500 	 678
13 	 1.9600 	 500 	 680
14 	 1.9640 	 500 	 681
15 	 1.9680 	 500 	 682
17 	 1.9760 	 500 	 685
18 	 1.9800 	 500 	 686
19 	 1.9840 	 500 	 687
20 	 1.9880 	 500 	 688
21 	 1.9920 	 500 	 689
22 	 1.9960 	 500 	 690
23 	 2.0000 	 500 	 692
24 	 2.0040 	 500 	 693
25 	 2.0080 	 500 	 694
26 	 2.0120 	 500 	 695
27 	 2.0160 	 500 	 697
28 	 2.0200 	 500 	 698
29 	 2.0240 	 500 	 700
30 	 2.0280 	 500 	 703
31 	 2.0320 	 500 	 704
32 	 2.0360 	 500 	 705
33 	 2.0400 	 500 	 707
35 	 2.0480 	 500 	 710
36 	 2.0520 	 500 	 711
37 	 2.0560 	 500 	 713
38 	 2.0600 	 500 	 714
39 	 2.0640 	 500 	 715
40 	 2.0680 	 500 	 716
41 	 2.0720 	 500 	 718
42 	 2.0760 	 500 	 719
43 	 2.0800 	 500 	 720
44 	 2.0840 	 500 	 722
45 	 2.0880 	 500 	 723
46 	 2.0920 	 500 	 725
47 	 2.0960 	 500 	 726
48 	 2.1000 	 500 	 728
49 	 2.1040 	 500 	 729
50 	 2.1080 	 500 	 730
51 	 2.1120 	 500 	 732
53 	 2.1200 	 500 	 736
54 	 2.1240 	 500 	 737
55 	 2.1280 	 500 	 739
56 	 2.1320 	 500 	 742
57 	 2.1360 	 500 	 743
58 	 2.1400 	 500 	 744
59 	 2.1440 	 500 	 746
60 	 2.1480 	 500 	 747
61 	 2.1520 	 500 	 748
62 	 2.1560 	 500 	 749
63 	 2.1600 	 500 	 751
64 	 2.1640 	 500 	 753
65 	 2.1680 	 500 	 754
66 	 2.1720 	 500 	 756
67 	 2.1760 	 500 	 757
68 	 2.1800 	 500 	 758
69 	 2.1840 	 500 	 760
70 	 2.1880 	 500 	 761
72 	 2.1960 	 500 	 765
73 	 2.2000 	 500 	 766
74 	 2.2040 	 500 	 769
75 	 2.2080 	 500 	 770
76 	 2.2120 	 500 	 771
77 	 2.2160 	 500 	 774
78 	 2.2200 	 500 	 775
79 	 2.2240 	 500 	 778
80 	 2.2280 	 500 	 779
81 	 2.2320 	 500 	 780
82 	 2.2360 	 500 	 782
83 	 2.2400 	 500 	 783
85 	 2.2480 	 500 	 787
86 	 2.2520 	 500 	 788
87 	 2.2560 	 500 	 790
88 	 2.2600 	 500 	 791
89 	 2.2640 	 500 	 792
90 	 2.2680 	 500 	 794
91 	 2.2720 	 500 	 795
92 	 2.2760 	 500 	 797
93 	 2.2800 	 500 	 798
94 	 2.2840 	 500 	 800
95 	 2.2880 	 500 	 802
96 	 2.2920 	 500 	 804
97 	 2.2960 	 500 	 805
98 	 2.3000 	 500 	 808
99 	 2.3040 	 500 	 809
100 	 2.3080 	 500 	 810
101 	 2.3120 	 500 	 813
102 	 2.3160 	 500 	 814
103 	 2.3200 	 500 	 816
104 	 2.3240 	 500 	 817
105 	 2.3280 	 500 	 820
106 	 2.3320 	 500 	 821
107 	 2.3360 	 500 	 823
108 	 2.3400 	 500 	 824
109 	 2.3440 	 500 	 826
110 	 2.3480 	 500 	 828
111 	 2.3520 	 500 	 829
112 	 2.3560 	 500 	 830
113 	 2.3600 	 500 	 832
114 	 2.3640 	 500 	 834
115 	 2.3680 	 500 	 835
116 	 2.3720 	 500 	 836
117 	 2.3760 	 500 	 838
118 	 2.3800 	 500 	 840
119 	 2.3840 	 500 	 841
120 	 2.3880 	 500 	 843
121 	 2.3920 	 500 	 845
122 	 2.3960 	 500 	 846
123 	 2.4000 	 500 	 848
124 	 2.4040 	 500 	 849
125 	 2.4080 	 500 	 852
126 	 2.4120 	 500 	 853
127 	 2.4160 	 500 	 854
128 	 2.4200 	 500 	 856
129 	 2.4240 	 500 	 857
130 	 2.4280 	 500 	 859
131 	 2.4320 	 500 	 860
133 	 2.4400 	 500 	 865
134 	 2.4440 	 500 	 866
135 	 2.4480 	 500 	 868
136 	 2.4520 	 500 	 869
137 	 2.4560 	 500 	 870
138 	 2.4600 	 500 	 872
139 	 2.4640 	 500 	 874
140 	 2.4680 	 500 	 875
141 	 2.4720 	 500 	 876
142 	 2.4760 	 500 	 877
143 	 2.4800 	 500 	 880
144 	 2.4840 	 500 	 881
145 	 2.4880 	 500 	 882
146 	 2.4920 	 500 	 885
147 	 2.4960 	 500 	 886
148 	 2.5000 	 500 	 887
149 	 2.5040 	 500 	 889
150 	 2.5080 	 500 	 890
151 	 2.5120 	 500 	 892
152 	 2.5160 	 500 	 893
153 	 2.5200 	 500 	 895
154 	 2.5240 	 500 	 896
155 	 2.5280 	 500 	 897
156 	 2.5320 	 500 	 898
157 	 2.5360 	 500 	 899
158 	 2.5400 	 500 	 900
159 	 2.5440 	 500 	 902
160 	 2.5480 	 500 	 903
161 	 2.5520 	 500 	 905
162 	 2.5560 	 500 	 907
163 	 2.5600 	 500 	 908
164 	 2.5640 	 500 	 909
165 	 2.5680 	 500 	 910
166 	 2.5720 	 500 	 913
167 	 2.5760 	 500 	 914
168 	 2.5800 	 500 	 915
169 	 2.5840 	 500 	 916
170 	 2.5880 	 500 	 918
171 	 2.5920 	 500 	 919
172 	 2.5960 	 500 	 920
173 	 2.6000 	 500 	 921
174 	 2.6040 	 500 	 923
175 	 2.6080 	 500 	 924
176 	 2.6120 	 500 	 925
177 	 2.6160 	 500 	 926
178 	 2.6200 	 500 	 927
179 	 2.6240 	 500 	 928
180 	 2.6280 	 500 	 929
181 	 2.6320 	 500 	 931
182 	 2.6360 	 500 	 932
183 	 2.6400 	 500 	 933
184 	 2.6440 	 500 	 935
185 	 2.6480 	 500 	 936
186 	 2.6520 	 500 	 937
187 	 2.6560 	 500 	 938
188 	 2.6600 	 500 	 940
189 	 2.6640 	 500 	 942
190 	 2.6680 	 500 	 943
191 	 2.6720 	 500 	 944
192 	 2.6760 	 500 	 946
193 	 2.6800 	 500 	 947
194 	 2.6840 	 500 	 948
195 	 2.6880 	 500 	 949
196 	 2.6920 	 500 	 951
197 	 2.6960 	 500 	 952
198 	 2.7000 	 500 	 953
199 	 2.7040 	 500 	 954
0 	 2.7080 	 500 	 956
1 	 2.7120 	 500 	 957
2 	 2.7160 	 500 	 958
3 	 2.7200 	 500 	 960
4 	 2.7240 	 500 	 961
5 	 2.7280 	 500 	 962
6 	 2.7320 	 500 	 963
7 	 2.7360 	 500 	 965
8 	 2.7400 	 500 	 966
9 	 2.7440 	 500 	 967
10 	 2.7480 	 500 	 968
11 	 2.7520 	 500 	 970
12 	 2.7560 	 500 	 971
13 	 2.7600 	 500 	 972
14 	 2.7640 	 500 	 973
15 	 2.7680 	 500 	 975
16 	 2.7720 	 500 	 976
17 	 2.7760 	 500 	 977
18 	 2.7800 	 500 	 978
19 	 2.7840 	 500 	 979
20 	 2.7880 	 500 	 980
21 	 2.7920 	 500 	 981
22 	 2.7960 	 500 	 983
23 	 2.8000 	 500 	 984
24 	 2.8040 	 500 	 985
25 	 2.8080 	 500 	 986
26 	 2.8120 	 500 	 988
27 	 2.8160 	 500 	 989
28 	 2.8200 	 500 	 990
29 	 2.8240 	 500 	 992
30 	 2.8280 	 500 	 993
31 	 2.8320 	 500 	 994
32 	 2.8360 	 500 	 995
33 	 2.8400 	 500 	 998
34 	 2.8440 	 500 	 999
35 	 2.8480 	 500 	 1000
36 	 2.8520 	 500 	 1001
37 	 2.8560 	 500 	 1002
38 	 2.8600 	 500 	 1003
39 	 2.8640 	 500 	 1004
40 	 2.8680 	 500 	 1005
41 	 2.8720 	 500 	 1007
42 	 2.8760 	 500 	 1008
43 	 2.8800 	 500 	 1009
44 	 2.8840 	 500 	 1010
45 	 2.8880 	 500 	 1012
46 	 2.8920 	 500 	 1013
47 	 2.8960 	 500 	 1015
48 	 2.9000 	 500 	 1017
49 	 2.9040 	 500 	 1018
50 	 2.9080 	 500 	 1019
51 	 2.9120 	 500 	 1020
52 	 2.9160 	 500 	 1022
53 	 2.9200 	 500 	 1023
54 	 2.9240 	 500 	 1025
55 	 2.9280 	 500 	 1026
56 	 2.9320 	 500 	 1027
57 	 2.9360 	 500 	 1028
58 	 2.9400 	 500 	 1029
59 	 2.9440 	 500 	 1030
60 	 2.9480 	 500 	 1032
61 	 2.9520 	 500 	 1033
62 	 2.9560 	 500 	 1034
63 	 2.9600 	 500 	 1035
64 	 2.9640 	 500 	 1037
65 	 2.9680 	 500 	 1038
66 	 2.9720 	 500 	 1040
67 	 2.9760 	 500 	 1043
68 	 2.9800 	 500 	 1044
69 	 2.9840 	 500 	 1045
70 	 2.9880 	 500 	 1046
71 	 2.9920 	 500 	 1048
72 	 2.9960 	 500 	 1049
73 	 3.0000 	 500 	 1050
74 	 3.0040 	 500 	 1052
75 	 3.0080 	 500 	 1053
76 	 3.0120 	 500 	 1054
77 	 3.0160 	 500 	 1055
78 	 3.0200 	 500 	 1056
79 	 3.0240 	 500 	 1058
80 	 3.0280 	 500 	 1059
81 	 3.0320 	 500 	 1061
82 	 3.0360 	 500 	 1062
83 	 3.0400 	 500 	 1063
84 	 3.0440 	 500 	 1065
85 	 3.0480 	 500 	 1066
86 	 3.0520 	 500 	 1068
87 	 3.0560 	 500 	 1070
88 	 3.0600 	 500 	 1073
89 	 3.0640 	 500 	 1074
90 	 3.0680 	 500 	 1075
91 	 3.0720 	 500 	 1076
92 	 3.0760 	 500 	 1078
93 	 3.0800 	 500 	 1079
94 	 3.0840 	 500 	 1080
95 	 3.0880 	 500 	 1082
96 	 3.0920 	 500 	 1083
97 	 3.0960 	 500 	 1084
98 	 3.1000 	 500 	 1086
99 	 3.1040 	 500 	 1087
100 	 3.1080 	 500 	 1089
101 	 3.1120 	 500 	 1090
102 	 3.1160 	 500 	 1092
103 	 3.1200 	 500 	 1093
104 	 3.1240 	 500 	 1094
105 	 3.1280 	 500 	 1097
106 	 3.1320 	 500 	 1098
107 	 3.1360 	 500 	 1099
108 	 3.1400 	 500 	 1101
109 	 3.1440 	 500 	 1103
110 	 3.1480 	 500 	 1106
111 	 3.1520 	 500 	 1107
112 	 3.1560 	 500 	 1108
113 	 3.1600 	 500 	 1110
114 	 3.1640 	 500 	 1111
115 	 3.1680 	 500 	 1112
116 	 3.1720 	 500 	 1113
117 	 3.1760 	 500 	 1116
118 	 3.1800 	 500 	 1117
119 	 3.1840 	 500 	 1118
120 	 3.1880 	 500 	 1120
121 	 3.1920 	 500 	 1121
122 	 3.1960 	 500 	 1122
123 	 3.2000 	 500 	 1124
124 	 3.2040 	 500 	 1125
125 	 3.2080 	 500 	 1128
126 	 3.2120 	 500 	 1129
127 	 3.2160 	 500 	 1131
128 	 3.2200 	 500 	 1133
129 	 3.2240 	 500 	 1134
130 	 3.2280 	 500 	 1135
131 	 3.2320 	 500 	 1138
132 	 3.2360 	 500 	 1139
133 	 3.2400 	 500 	 1141
134 	 3.2440 	 500 	 1142
135 	 3.2480 	 500 	 1145
136 	 3.2520 	 500 	 1146
137 	 3.2560 	 500 	 1147
138 	 3.2600 	 500 	 1149
139 	 3.2640 	 500 	 1151
140 	 3.2680 	 500 	 1152
141 	 3.2720 	 500 	 1153
142 	 3.2760 	 500 	 1155
143 	 3.2800 	 500 	 1156
144 	 3.2840 	 500 	 1157
145 	 3.2880 	 500 	 1159
146 	 3.2920 	 500 	 1161
147 	 3.2960 	 500 	 1162
148 	 3.3000 	 500 	 1164
149 	 3.3040 	 500 	 1166
150 	 3.3080 	 500 	 1167
151 	 3.3120 	 500 	 1169
152 	 3.3160 	 500 	 1170
153 	 3.3200 	 500 	 1173
154 	 3.3240 	 500 	 1174
155 	 3.3280 	 500 	 1175
156 	 3.3320 	 500 	 1177
157 	 3.3360 	 500 	 1179
158 	 3.3400 	 500 	 1180
159 	 3.3440 	 500 	 1182
160 	 3.3480 	 500 	 1183
161 	 3.3520 	 500 	 1186
162 	 3.3560 	 500 	 1188
163 	 3.3600 	 500 	 1189
164 	 3.3640 	 500 	 1191
165 	 3.3680 	 500 	 1192
166 	 3.3720 	 500 	 1194
167 	 3.3760 	 500 	 1195
168 	 3.3800 	 500 	 1196
169 	 3.3840 	 500 	 1198
170 	 3.3880 	 500 	 1200
171 	 3.3920 	 500 	 1201
172 	 3.3960 	 500 	 1202
173 	 3.4000 	 500 	 1204
174 	 3.4040 	 500 	 1206
175 	 3.4080 	 500 	 1207
176 	 3.4120 	 500 	 1209
177 	 3.4160 	 500 	 1211
178 	 3.4200 	 500 	 1212
179 	 3.4240 	 500 	 1214
180 	 3.4280 	 500 	 1215
181 	 3.4320 	 500 	 1217
182 	 3.4360 	 500 	 1218
183 	 3.4400 	 500 	 1220
184 	 3.4440 	 500 	 1222
185 	 3.4480 	 500 	 1223
186 	 3.4520 	 500 	 1225
187 	 3.4560 	 500 	 1226
188 	 3.4600 	 500 	 1228
189 	 3.4640 	 500 	 1229
190 	 3.4680 	 500 	 1230
191 	 3.4720 	 500 	 1232
192 	 3.4760 	 500 	 1234
193 	 3.4800 	 500 	 1235
194 	 3.4840 	 500 	 1236
195 	 3.4880 	 500 	 1238
196 	 3.4920 	 500 	 1240
197 	 3.4960 	 500 	 1241
198 	 3.5000 	 500 	 1242
199 	 3.5040 	 500 	 1244
0 	 3.5080 	 500 	 1246
2 	 3.5160 	 500 	 1249
3 	 3.5200 	 500 	 1250
4 	 3.5240 	 500 	 1251
5 	 3.5280 	 500 	 1252
6 	 3.5320 	 500 	 1254
7 	 3.5360 	 500 	 1255
8 	 3.5400 	 500 	 1256
9 	 3.5440 	 500 	 1257
10 	 3.5480 	 500 	 1259
11 	 3.5520 	 500 	 1260
12 	 3.5560 	 500 	 1261
13 	 3.5600 	 500 	 1262
14 	 3.5640 	 500 	 1264
15 	 3.5680 	 500 	 1266
16 	 3.5720 	 500 	 1267
17 	 3.5760 	 500 	 1268
18 	 3.5800 	 500 	 1270
19 	 3.5840 	 500 	 1272
20 	 3.5880 	 500 	 1273
21 	 3.5920 	 500 	 1274
22 	 3.5960 	 500 	 1276
23 	 3.6000 	 500 	 1277
24 	 3.6040 	 500 	 1278
25 	 3.6080 	 500 	 1279
26 	 3.6120 	 500 	 1281
27 	 3.6160 	 500 	 1282
28 	 3.6200 	 500 	 1283
29 	 3.6240 	 500 	 1285
30 	 3.6280 	 500 	 1286
31 	 3.6320 	 500 	 1287
32 	 3.6360 	 500 	 1288
33 	 3.6400 	 500 	 1290
34 	 3.6440 	 500 	 1291
35 	 3.6480 	 500 	 1292
36 	 3.6520 	 500 	 1294
37 	 3.6560 	 500 	 1295
38 	 3.6600 	 500 	 1297
39 	 3.6640 	 500 	 1298
40 	 3.6680 	 500 	 1300
41 	 3.6720 	 500 	 1301
42 	 3.6760 	 500 	 1303
43 	 3.6800 	 500 	 1304
44 	 3.6840 	 500 	 1305
45 	 3.6880 	 500 	 1308
46 	 3.6920 	 500 	 1309
47 	 3.6960 	 500 	 1310
48 	 3.7000 	 500 	 1311
49 	 3.7040 	 500 	 1313
50 	 3.7080 	 500 	 1315
51 	 3.7120 	 500 	 1316
52 	 3.7160 	 500 	 1317
53 	 3.7200 	 500 	 1318
54 	 3.7240 	 500 	 1319
55 	 3.7280 	 500 	 1320
56 	 3.7320 	 500 	 1321
57 	 3.7360 	 500 	 1324
58 	 3.7400 	 500 	 1325
59 	 3.7440 	 500 	 1327
60 	 3.7480 	 500 	 1328
61 	 3.7520 	 500 	 1329
62 	 3.7560 	 500 	 1331
63 	 3.7600 	 500 	 1332
64 	 3.7640 	 500 	 1333
65 	 3.7680 	 500 	 1335
66 	 3.7720 	 500 	 1336
67 	 3.7760 	 500 	 1338
68 	 3.7800 	 500 	 1339
69 	 3.7840 	 500 	 1341
70 	 3.7880 	 500 	 1343
71 	 3.7920 	 500 	 1344
72 	 3.7960 	 500 	 1345
73 	 3.8000 	 500 	 1346
74 	 3.8040 	 500 	 1347
75 	 3.8080 	 500 	 1348
76 	 3.8120 	 500 	 1350
77 	 3.8160 	 500 	 1351
78 	 3.8200 	 500 	 1353
79 	 3.8240 	 500 	 1354
80 	 3.8280 	 500 	 1355
81 	 3.8320 	 500 	 1356
82 	 3.8360 	 500 	 1358
83 	 3.8400 	 500 	 1359
84 	 3.8440 	 500 	 1360
85 	 3.8480 	 500 	 1361
86 	 3.8520 	 500 	 1363
87 	 3.8560 	 500 	 1364
88 	 3.8600 	 500 	 1365
89 	 3.8640 	 500 	 1366
90 	 3.8680 	 500 	 1368
91 	 3.8720 	 500 	 1369
92 	 3.8760 	 500 	 1370
93 	 3.8800 	 500 	 1371
94 	 3.8840 	 500 	 1372
95 	 3.8880 	 500 	 1373
96 	 3.8920 	 500 	 1374
97 	 3.8960 	 500 	 1375
98 	 3.9000 	 500 	 1377
99 	 3.9040 	 500 	 1378
100 	 3.9080 	 500 	 1379
101 	 3.9120 	 500 	 1380
102 	 3.9160 	 500 	 1382
103 	 3.9200 	 500 	 1383
104 	 3.9240 	 500 	 1384
105 	 3.9280 	 500 	 1387
106 	 3.9320 	 500 	 1388
107 	 3.9360 	 500 	 1389
108 	 3.9400 	 500 	 1390
109 	 3.9440 	 500 	 1392
110 	 3.9480 	 500 	 1393
111 	 3.9520 	 500 	 1394
112 	 3.9560 	 500 	 1395
113 	 3.9600 	 500 	 1396
114 	 3.9640 	 500 	 1397
115 	 3.9680 	 500 	 1398
116 	 3.9720 	 500 	 1399
117 	 3.9760 	 500 	 1401
118 	 3.9800 	 500 	 1402
119 	 3.9840 	 500 	 1404
120 	 3.9880 	 500 	 1405
121 	 3.9920 	 500 	 1406
122 	 3.9960 	 500 	 1408
123 	 4.0000 	 500 	 1409
124 	 4.0040 	 500 	 1411
125 	 4.0080 	 500 	 1412
126 	 4.0120 	 500 	 1414
127 	 4.0160 	 500 	 1415
128 	 4.0200 	 500 	 1416
129 	 4.0240 	 500 	 1417
130 	 4.0280 	 500 	 1420
131 	 4.0320 	 500 	 1421
132 	 4.0360 	 500 	 1422
133 	 4.0400 	 500 	 1423
134 	 4.0440 	 500 	 1424
135 	 4.0480 	 500 	 1425
136 	 4.0520 	 500 	 1427
137 	 4.0560 	 500 	 1428
138 	 4.0600 	 500 	 1430
139 	 4.0640 	 500 	 1431
140 	 4.0680 	 500 	 1432
141 	 4.0720 	 500 	 1433
142 	 4.0760 	 500 	 1435
143 	 4.0800 	 500 	 1437
144 	 4.0840 	 500 	 1439
145 	 4.0880 	 500 	 1440
146 	 4.0920 	 500 	 1442
147 	 4.0960 	 500 	 1443
148 	 4.1000 	 500 	 1444
149 	 4.1040 	 500 	 1446
150 	 4.1080 	 500 	 1447
151 	 4.1120 	 500 	 1450
152 	 4.1160 	 500 	 1451
153 	 4.1200 	 500 	 1452
154 	 4.1240 	 500 	 1453
155 	 4.1280 	 500 	 1455
156 	 4.1320 	 500 	 1456
157 	 4.1360 	 500 	 1458
158 	 4.1400 	 500 	 1459
159 	 4.1440 	 500 	 1460
160 	 4.1480 	 500 	 1461
161 	 4.1520 	 500 	 1463
162 	 4.1560 	 500 	 1465
163 	 4.1600 	 500 	 1466
164 	 4.1640 	 500 	 1468
165 	 4.1680 	 500 	 1470
166 	 4.1720 	 500 	 1472
167 	 4.1760 	 500 	 1473
168 	 4.1800 	 500 	 1474
169 	 4.1840 	 500 	 1476
170 	 4.1880 	 500 	 1477
171 	 4.1920 	 500 	 1478
172 	 4.1960 	 500 	 1480
173 	 4.2000 	 500 	 1481
174 	 4.2040 	 500 	 1485
175 	 4.2080 	 500 	 1486
176 	 4.2120 	 500 	 1487
177 	 4.2160 	 500 	 1489
178 	 4.2200 	 500 	 1490
179 	 4.2240 	 500 	 1491
180 	 4.2280 	 500 	 1492
181 	 4.2320 	 500 	 1493
182 	 4.2360 	 500 	 1496
183 	 4.2400 	 500 	 1497
184 	 4.2440 	 500 	 1499
185 	 4.2480 	 500 	 1501
186 	 4.2520 	 500 	 1502
187 	 4.2560 	 500 	 1504
188 	 4.2600 	 500 	 1505
189 	 4.2640 	 500 	 1508
190 	 4.2680 	 500 	 1509
191 	 4.2720 	 500 	 1510
192 	 4.2760 	 500 	 1512
193 	 4.2800 	 500 	 1513
194 	 4.2840 	 500 	 1514
195 	 4.2880 	 500 	 1517
196 	 4.2920 	 500 	 1518
197 	 4.2960 	 500 	 1520
198 	 4.3000 	 500 	 1521
199 	 4.3040 	 500 	 1523
0 	 4.3080 	 500 	 1524
1 	 4.3120 	 500 	 1525
