1 	 0.3120 	 500 	 14
2 	 0.3160 	 500 	 15
3 	 0.3200 	 500 	 16
4 	 0.3240 	 500 	 19
5 	 0.3280 	 500 	 22
6 	 0.3320 	 500 	 23
7 	 0.3360 	 500 	 26
8 	 0.3400 	 500 	 29
9 	 0.3440 	 500 	 30
10 	 0.3480 	 500 	 31
11 	 0.3520 	 500 	 32
12 	 0.3560 	 500 	 33
13 	 0.3600 	 500 	 34
14 	 0.3640 	 500 	 35
15 	 0.3680 	 500 	 36
16 	 0.3720 	 500 	 38
17 	 0.3760 	 500 	 39
18 	 0.3800 	 500 	 41
19 	 0.3840 	 500 	 42
20 	 0.3880 	 500 	 44
21 	 0.3920 	 500 	 45
22 	 0.3960 	 500 	 47
23 	 0.4000 	 500 	 50
24 	 0.4040 	 500 	 52
25 	 0.4080 	 500 	 55
26 	 0.4120 	 500 	 57
27 	 0.4160 	 500 	 60
28 	 0.4200 	 500 	 62
29 	 0.4240 	 500 	 65
30 	 0.4280 	 500 	 67
31 	 0.4320 	 500 	 70
32 	 0.4360 	 500 	 71
33 	 0.4400 	 500 	 74
34 	 0.4440 	 500 	 75
35 	 0.4480 	 500 	 76
36 	 0.4520 	 500 	 79
37 	 0.4560 	 500 	 80
39 	 0.4640 	 500 	 85
41 	 0.4720 	 500 	 88
42 	 0.4760 	 500 	 89
43 	 0.4800 	 500 	 91
44 	 0.4840 	 500 	 92
45 	 0.4880 	 500 	 93
46 	 0.4920 	 500 	 95
47 	 0.4960 	 500 	 98
49 	 0.5040 	 500 	 103
51 	 0.5120 	 500 	 108
53 	 0.5200 	 500 	 113
55 	 0.5280 	 500 	 117
57 	 0.5360 	 500 	 121
59 	 0.5440 	 500 	 125
60 	 0.5480 	 500 	 127
61 	 0.5520 	 500 	 129
62 	 0.5560 	 500 	 131
63 	 0.5600 	 500 	 133
64 	 0.5640 	 500 	 135
66 	 0.5720 	 500 	 139
68 	 0.5800 	 500 	 143
71 	 0.5920 	 500 	 147
73 	 0.6000 	 500 	 150
75 	 0.6080 	 500 	 154
76 	 0.6120 	 500 	 155
77 	 0.6160 	 500 	 157
78 	 0.6200 	 500 	 158
79 	 0.6240 	 500 	 160
80 	 0.6280 	 500 	 161
81 	 0.6320 	 500 	 163
82 	 0.6360 	 500 	 164
83 	 0.6400 	 500 	 166
84 	 0.6440 	 500 	 167
86 	 0.6520 	 500 	 171
87 	 0.6560 	 500 	 173
88 	 0.6600 	 500 	 174
89 	 0.6640 	 500 	 175
90 	 0.6680 	 500 	 177
91 	 0.6720 	 500 	 178
92 	 0.6760 	 500 	 179
93 	 0.6800 	 500 	 181
94 	 0.6840 	 500 	 182
95 	 0.6880 	 500 	 184
96 	 0.6920 	 500 	 185
97 	 0.6960 	 500 	 187
98 	 0.7000 	 500 	 188
99 	 0.7040 	 500 	 190
100 	 0.7080 	 500 	 191
101 	 0.7120 	 500 	 193
102 	 0.7160 	 500 	 194
103 	 0.7200 	 500 	 196
104 	 0.7240 	 500 	 197
105 	 0.7280 	 500 	 198
106 	 0.7320 	 500 	 199
107 	 0.7360 	 500 	 200
108 	 0.7400 	 500 	 201
109 	 0.7440 	 500 	 202
110 	 0.7480 	 500 	 203
111 	 0.7520 	 500 	 205
112 	 0.7560 	 500 	 206
113 	 0.7600 	 500 	 207
114 	 0.7640 	 500 	 208
115 	 0.7680 	 500 	 209
116 	 0.7720 	 500 	 210
117 	 0.7760 	 500 	 211
118 	 0.7800 	 500 	 212
119 	 0.7840 	 500 	 213
120 	 0.7880 	 500 	 214
121 	 0.7920 	 500 	 215
122 	 0.7960 	 500 	 216
123 	 0.8000 	 500 	 217
124 	 0.8040 	 500 	 218
125 	 0.8080 	 500 	 219
126 	 0.8120 	 500 	 220
127 	 0.8160 	 500 	 221
128 	 0.8200 	 500 	 222
129 	 0.8240 	 500 	 223
130 	 0.8280 	 500 	 224
131 	 0.8320 	 500 	 225
132 	 0.8360 	 500 	 226
133 	 0.8400 	 500 	 227
134 	 0.8440 	 500 	 228
135 	 0.8480 	 500 	 229
136 	 0.8520 	 500 	 230
137 	 0.8560 	 500 	 231
138 	 0.8600 	 500 	 232
139 	 0.8640 	 500 	 233
140 	 0.8680 	 500 	 234
141 	 0.8720 	 500 	 235
142 	 0.8760 	 500 	 236
143 	 0.8800 	 500 	 237
144 	 0.8840 	 500 	 238
145 	 0.8880 	 500 	 239
146 	 0.8920 	 500 	 240
147 	 0.8960 	 500 	 241
148 	 0.9000 	 500 	 242
149 	 0.9040 	 500 	 243
150 	 0.9080 	 500 	 244
151 	 0.9120 	 500 	 245
152 	 0.9160 	 500 	 246
153 	 0.9200 	 500 	 247
154 	 0.9240 	 500 	 248
155 	 0.9280 	 500 	 249
156 	 0.9320 	 500 	 250
157 	 0.9360 	 500 	 251
158 	 0.9400 	 500 	 252
159 	 0.9440 	 500 	 253
160 	 0.9480 	 500 	 254
161 	 0.9520 	 500 	 255
162 	 0.9560 	 500 	 256
163 	 0.9600 	 500 	 257
164 	 0.9640 	 500 	 258
165 	 0.9680 	 500 	 259
166 	 0.9720 	 500 	 260
167 	 0.9760 	 500 	 261
168 	 0.9800 	 500 	 262
169 	 0.9840 	 500 	 264
170 	 0.9880 	 500 	 265
171 	 0.9920 	 500 	 266
172 	 0.9960 	 500 	 267
173 	 1.0000 	 500 	 268
174 	 1.0040 	 500 	 269
175 	 1.0080 	 500 	 270
176 	 1.0120 	 500 	 271
177 	 1.0160 	 500 	 272
178 	 1.0200 	 500 	 273
179 	 1.0240 	 500 	 274
180 	 1.0280 	 500 	 276
181 	 1.0320 	 500 	 277
182 	 1.0360 	 500 	 278
183 	 1.0400 	 500 	 279
184 	 1.0440 	 500 	 280
185 	 1.0480 	 500 	 281
186 	 1.0520 	 500 	 282
187 	 1.0560 	 500 	 285
188 	 1.0600 	 500 	 286
189 	 1.0640 	 500 	 287
190 	 1.0680 	 500 	 288
191 	 1.0720 	 500 	 289
192 	 1.0760 	 500 	 290
193 	 1.0800 	 500 	 291
194 	 1.0840 	 500 	 292
195 	 1.0880 	 500 	 293
196 	 1.0920 	 500 	 294
197 	 1.0960 	 500 	 295
198 	 1.1000 	 500 	 296
199 	 1.1040 	 500 	 298
0 	 1.1080 	 500 	 299
1 	 1.1120 	 500 	 301
2 	 1.1160 	 500 	 302
3 	 1.1200 	 500 	 303
4 	 1.1240 	 500 	 304
5 	 1.1280 	 500 	 305
6 	 1.1320 	 500 	 309
7 	 1.1360 	 500 	 310
8 	 1.1400 	 500 	 312
9 	 1.1440 	 500 	 313
10 	 1.1480 	 500 	 314
11 	 1.1520 	 500 	 315
12 	 1.1560 	 500 	 316
13 	 1.1600 	 500 	 317
14 	 1.1640 	 500 	 318
15 	 1.1680 	 500 	 319
16 	 1.1720 	 500 	 320
17 	 1.1760 	 500 	 321
18 	 1.1800 	 500 	 323
19 	 1.1840 	 500 	 324
20 	 1.1880 	 500 	 326
21 	 1.1920 	 500 	 327
22 	 1.1960 	 500 	 329
23 	 1.2000 	 500 	 330
24 	 1.2040 	 500 	 332
25 	 1.2080 	 500 	 335
26 	 1.2120 	 500 	 336
27 	 1.2160 	 500 	 338
28 	 1.2200 	 500 	 339
29 	 1.2240 	 500 	 345
30 	 1.2280 	 500 	 346
31 	 1.2320 	 500 	 348
32 	 1.2360 	 500 	 349
33 	 1.2400 	 500 	 350
34 	 1.2440 	 500 	 351
35 	 1.2480 	 500 	 352
36 	 1.2520 	 500 	 353
37 	 1.2560 	 500 	 355
38 	 1.2600 	 500 	 356
39 	 1.2640 	 500 	 358
40 	 1.2680 	 500 	 359
41 	 1.2720 	 500 	 361
42 	 1.2760 	 500 	 362
43 	 1.2800 	 500 	 364
44 	 1.2840 	 500 	 366
45 	 1.2880 	 500 	 368
46 	 1.2920 	 500 	 369
47 	 1.2960 	 500 	 370
48 	 1.3000 	 500 	 372
49 	 1.3040 	 500 	 373
50 	 1.3080 	 500 	 375
51 	 1.3120 	 500 	 376
52 	 1.3160 	 500 	 378
53 	 1.3200 	 500 	 379
54 	 1.3240 	 500 	 381
55 	 1.3280 	 500 	 383
56 	 1.3320 	 500 	 384
57 	 1.3360 	 500 	 386
58 	 1.3400 	 500 	 387
59 	 1.3440 	 500 	 389
60 	 1.3480 	 500 	 390
61 	 1.3520 	 500 	 393
62 	 1.3560 	 500 	 395
63 	 1.3600 	 500 	 396
64 	 1.3640 	 500 	 397
65 	 1.3680 	 500 	 398
66 	 1.3720 	 500 	 399
67 	 1.3760 	 500 	 400
68 	 1.3800 	 500 	 401
69 	 1.3840 	 500 	 403
70 	 1.3880 	 500 	 405
71 	 1.3920 	 500 	 406
72 	 1.3960 	 500 	 407
73 	 1.4000 	 500 	 409
74 	 1.4040 	 500 	 410
75 	 1.4080 	 500 	 411
76 	 1.4120 	 500 	 413
77 	 1.4160 	 500 	 414
78 	 1.4200 	 500 	 416
79 	 1.4240 	 500 	 418
80 	 1.4280 	 500 	 419
81 	 1.4320 	 500 	 422
82 	 1.4360 	 500 	 423
83 	 1.4400 	 500 	 424
84 	 1.4440 	 500 	 426
85 	 1.4480 	 500 	 427
86 	 1.4520 	 500 	 429
87 	 1.4560 	 500 	 431
88 	 1.4600 	 500 	 434
89 	 1.4640 	 500 	 435
90 	 1.4680 	 500 	 436
91 	 1.4720 	 500 	 437
92 	 1.4760 	 500 	 438
93 	 1.4800 	 500 	 439
94 	 1.4840 	 500 	 442
95 	 1.4880 	 500 	 443
96 	 1.4920 	 500 	 444
97 	 1.4960 	 500 	 446
98 	 1.5000 	 500 	 447
99 	 1.5040 	 500 	 448
100 	 1.5080 	 500 	 450
101 	 1.5120 	 500 	 451
102 	 1.5160 	 500 	 453
103 	 1.5200 	 500 	 454
104 	 1.5240 	 500 	 457
105 	 1.5280 	 500 	 458
106 	 1.5320 	 500 	 460
107 	 1.5360 	 500 	 461
108 	 1.5400 	 500 	 464
109 	 1.5440 	 500 	 465
110 	 1.5480 	 500 	 466
111 	 1.5520 	 500 	 468
112 	 1.5560 	 500 	 469
113 	 1.5600 	 500 	 471
114 	 1.5640 	 500 	 473
115 	 1.5680 	 500 	 474
116 	 1.5720 	 500 	 476
117 	 1.5760 	 500 	 477
118 	 1.5800 	 500 	 478
119 	 1.5840 	 500 	 480
120 	 1.5880 	 500 	 481
121 	 1.5920 	 500 	 484
122 	 1.5960 	 500 	 485
123 	 1.6000 	 500 	 487
124 	 1.6040 	 500 	 488
125 	 1.6080 	 500 	 489
126 	 1.6120 	 500 	 491
127 	 1.6160 	 500 	 493
128 	 1.6200 	 500 	 494
129 	 1.6240 	 500 	 495
130 	 1.6280 	 500 	 498
131 	 1.6320 	 500 	 499
132 	 1.6360 	 500 	 500
133 	 1.6400 	 500 	 502
134 	 1.6440 	 500 	 504
135 	 1.6480 	 500 	 505
136 	 1.6520 	 500 	 507
137 	 1.6560 	 500 	 508
138 	 1.6600 	 500 	 510
139 	 1.6640 	 500 	 511
140 	 1.6680 	 500 	 514
141 	 1.6720 	 500 	 515
142 	 1.6760 	 500 	 517
143 	 1.6800 	 500 	 518
144 	 1.6840 	 500 	 520
145 	 1.6880 	 500 	 521
146 	 1.6920 	 500 	 522
147 	 1.6960 	 500 	 524
148 	 1.7000 	 500 	 526
149 	 1.7040 	 500 	 527
150 	 1.7080 	 500 	 530
151 	 1.7120 	 500 	 532
152 	 1.7160 	 500 	 533
153 	 1.7200 	 500 	 534
154 	 1.7240 	 500 	 536
155 	 1.7280 	 500 	 538
156 	 1.7320 	 500 	 539
157 	 1.7360 	 500 	 540
158 	 1.7400 	 500 	 542
159 	 1.7440 	 500 	 544
160 	 1.7480 	 500 	 545
161 	 1.7520 	 500 	 546
162 	 1.7560 	 500 	 549
163 	 1.7600 	 500 	 550
164 	 1.7640 	 500 	 551
165 	 1.7680 	 500 	 553
166 	 1.7720 	 500 	 555
167 	 1.7760 	 500 	 556
168 	 1.7800 	 500 	 557
169 	 1.7840 	 500 	 560
170 	 1.7880 	 500 	 561
171 	 1.7920 	 500 	 562
172 	 1.7960 	 500 	 564
173 	 1.8000 	 500 	 566
174 	 1.8040 	 500 	 568
175 	 1.8080 	 500 	 569
176 	 1.8120 	 500 	 570
177 	 1.8160 	 500 	 572
178 	 1.8200 	 500 	 574
179 	 1.8240 	 500 	 575
180 	 1.8280 	 500 	 577
181 	 1.8320 	 500 	 578
182 	 1.8360 	 500 	 581
183 	 1.8400 	 500 	 582
184 	 1.8440 	 500 	 583
185 	 1.8480 	 500 	 584
186 	 1.8520 	 500 	 588
188 	 1.8600 	 500 	 590
189 	 1.8640 	 500 	 591
190 	 1.8680 	 500 	 594
191 	 1.8720 	 500 	 595
192 	 1.8760 	 500 	 596
193 	 1.8800 	 500 	 597
194 	 1.8840 	 500 	 600
195 	 1.8880 	 500 	 601
196 	 1.8920 	 500 	 602
197 	 1.8960 	 500 	 604
199 	 1.9040 	 500 	 607
0 	 1.9080 	 500 	 608
1 	 1.9120 	 500 	 611
2 	 1.9160 	 500 	 612
3 	 1.9200 	 500 	 613
4 	 1.9240 	 500 	 615
6 	 1.9320 	 500 	 618
7 	 1.9360 	 500 	 620
8 	 1.9400 	 500 	 621
9 	 1.9440 	 500 	 623
10 	 1.9480 	 500 	 624
11 	 1.9520 	 500 	 626
12 	 1.9560 	 500 	 628
13 	 1.9600 	 500 	 630
14 	 1.9640 	 500 	 631
16 	 1.9720 	 500 	 635
17 	 1.9760 	 500 	 636
18 	 1.9800 	 500 	 637
19 	 1.9840 	 500 	 639
20 	 1.9880 	 500 	 641
22 	 1.9960 	 500 	 645
23 	 2.0000 	 500 	 646
25 	 2.0080 	 500 	 650
26 	 2.0120 	 500 	 651
27 	 2.0160 	 500 	 653
28 	 2.0200 	 500 	 655
29 	 2.0240 	 500 	 656
30 	 2.0280 	 500 	 657
31 	 2.0320 	 500 	 659
33 	 2.0400 	 500 	 662
34 	 2.0440 	 500 	 664
35 	 2.0480 	 500 	 666
36 	 2.0520 	 500 	 667
37 	 2.0560 	 500 	 668
38 	 2.0600 	 500 	 671
39 	 2.0640 	 500 	 672
40 	 2.0680 	 500 	 673
41 	 2.0720 	 500 	 675
43 	 2.0800 	 500 	 678
44 	 2.0840 	 500 	 680
45 	 2.0880 	 500 	 681
46 	 2.0920 	 500 	 683
47 	 2.0960 	 500 	 685
48 	 2.1000 	 500 	 686
50 	 2.1080 	 500 	 690
51 	 2.1120 	 500 	 692
52 	 2.1160 	 500 	 694
53 	 2.1200 	 500 	 695
54 	 2.1240 	 500 	 696
55 	 2.1280 	 500 	 699
56 	 2.1320 	 500 	 701
57 	 2.1360 	 500 	 702
58 	 2.1400 	 500 	 703
60 	 2.1480 	 500 	 708
62 	 2.1560 	 500 	 712
63 	 2.1600 	 500 	 713
64 	 2.1640 	 500 	 714
65 	 2.1680 	 500 	 715
66 	 2.1720 	 500 	 717
67 	 2.1760 	 500 	 719
69 	 2.1840 	 500 	 721
70 	 2.1880 	 500 	 723
71 	 2.1920 	 500 	 725
72 	 2.1960 	 500 	 726
73 	 2.2000 	 500 	 727
74 	 2.2040 	 500 	 729
75 	 2.2080 	 500 	 731
77 	 2.2160 	 500 	 733
78 	 2.2200 	 500 	 736
79 	 2.2240 	 500 	 737
81 	 2.2320 	 500 	 740
82 	 2.2360 	 500 	 742
83 	 2.2400 	 500 	 744
84 	 2.2440 	 500 	 745
85 	 2.2480 	 500 	 746
86 	 2.2520 	 500 	 748
87 	 2.2560 	 500 	 750
88 	 2.2600 	 500 	 751
89 	 2.2640 	 500 	 752
90 	 2.2680 	 500 	 754
91 	 2.2720 	 500 	 755
92 	 2.2760 	 500 	 756
93 	 2.2800 	 500 	 757
94 	 2.2840 	 500 	 759
95 	 2.2880 	 500 	 760
96 	 2.2920 	 500 	 761
97 	 2.2960 	 500 	 763
98 	 2.3000 	 500 	 765
99 	 2.3040 	 500 	 766
100 	 2.3080 	 500 	 767
101 	 2.3120 	 500 	 768
102 	 2.3160 	 500 	 771
103 	 2.3200 	 500 	 772
104 	 2.3240 	 500 	 774
105 	 2.3280 	 500 	 776
106 	 2.3320 	 500 	 777
107 	 2.3360 	 500 	 779
108 	 2.3400 	 500 	 780
109 	 2.3440 	 500 	 781
110 	 2.3480 	 500 	 783
111 	 2.3520 	 500 	 784
112 	 2.3560 	 500 	 786
113 	 2.3600 	 500 	 787
114 	 2.3640 	 500 	 788
115 	 2.3680 	 500 	 790
116 	 2.3720 	 500 	 791
117 	 2.3760 	 500 	 792
118 	 2.3800 	 500 	 793
119 	 2.3840 	 500 	 794
120 	 2.3880 	 500 	 796
121 	 2.3920 	 500 	 797
122 	 2.3960 	 500 	 798
123 	 2.4000 	 500 	 799
124 	 2.4040 	 500 	 801
125 	 2.4080 	 500 	 802
126 	 2.4120 	 500 	 803
127 	 2.4160 	 500 	 806
128 	 2.4200 	 500 	 807
129 	 2.4240 	 500 	 808
130 	 2.4280 	 500 	 809
131 	 2.4320 	 500 	 811
132 	 2.4360 	 500 	 813
133 	 2.4400 	 500 	 814
134 	 2.4440 	 500 	 815
135 	 2.4480 	 500 	 818
136 	 2.4520 	 500 	 819
137 	 2.4560 	 500 	 820
138 	 2.4600 	 500 	 822
139 	 2.4640 	 500 	 824
140 	 2.4680 	 500 	 825
141 	 2.4720 	 500 	 826
142 	 2.4760 	 500 	 827
143 	 2.4800 	 500 	 830
144 	 2.4840 	 500 	 831
145 	 2.4880 	 500 	 832
146 	 2.4920 	 500 	 834
147 	 2.4960 	 500 	 835
148 	 2.5000 	 500 	 837
149 	 2.5040 	 500 	 838
150 	 2.5080 	 500 	 839
151 	 2.5120 	 500 	 840
152 	 2.5160 	 500 	 842
153 	 2.5200 	 500 	 843
154 	 2.5240 	 500 	 844
155 	 2.5280 	 500 	 847
156 	 2.5320 	 500 	 848
157 	 2.5360 	 500 	 849
158 	 2.5400 	 500 	 850
159 	 2.5440 	 500 	 851
160 	 2.5480 	 500 	 854
161 	 2.5520 	 500 	 855
162 	 2.5560 	 500 	 856
163 	 2.5600 	 500 	 859
164 	 2.5640 	 500 	 860
165 	 2.5680 	 500 	 862
166 	 2.5720 	 500 	 863
167 	 2.5760 	 500 	 864
168 	 2.5800 	 500 	 866
169 	 2.5840 	 500 	 868
170 	 2.5880 	 500 	 869
171 	 2.5920 	 500 	 871
172 	 2.5960 	 500 	 872
173 	 2.6000 	 500 	 875
174 	 2.6040 	 500 	 876
175 	 2.6080 	 500 	 877
176 	 2.6120 	 500 	 880
177 	 2.6160 	 500 	 881
178 	 2.6200 	 500 	 882
179 	 2.6240 	 500 	 883
180 	 2.6280 	 500 	 885
181 	 2.6320 	 500 	 886
182 	 2.6360 	 500 	 887
183 	 2.6400 	 500 	 888
184 	 2.6440 	 500 	 891
185 	 2.6480 	 500 	 892
186 	 2.6520 	 500 	 893
187 	 2.6560 	 500 	 894
188 	 2.6600 	 500 	 897
189 	 2.6640 	 500 	 898
190 	 2.6680 	 500 	 899
191 	 2.6720 	 500 	 901
192 	 2.6760 	 500 	 903
193 	 2.6800 	 500 	 904
194 	 2.6840 	 500 	 905
195 	 2.6880 	 500 	 907
196 	 2.6920 	 500 	 909
197 	 2.6960 	 500 	 911
198 	 2.7000 	 500 	 912
199 	 2.7040 	 500 	 913
0 	 2.7080 	 500 	 916
1 	 2.7120 	 500 	 917
2 	 2.7160 	 500 	 918
3 	 2.7200 	 500 	 920
4 	 2.7240 	 500 	 921
5 	 2.7280 	 500 	 923
6 	 2.7320 	 500 	 925
7 	 2.7360 	 500 	 926
8 	 2.7400 	 500 	 929
9 	 2.7440 	 500 	 930
10 	 2.7480 	 500 	 932
11 	 2.7520 	 500 	 933
12 	 2.7560 	 500 	 934
13 	 2.7600 	 500 	 935
14 	 2.7640 	 500 	 938
15 	 2.7680 	 500 	 939
16 	 2.7720 	 500 	 940
17 	 2.7760 	 500 	 941
18 	 2.7800 	 500 	 943
19 	 2.7840 	 500 	 945
20 	 2.7880 	 500 	 946
21 	 2.7920 	 500 	 947
22 	 2.7960 	 500 	 949
23 	 2.8000 	 500 	 951
24 	 2.8040 	 500 	 952
25 	 2.8080 	 500 	 953
26 	 2.8120 	 500 	 956
27 	 2.8160 	 500 	 957
28 	 2.8200 	 500 	 959
29 	 2.8240 	 500 	 960
30 	 2.8280 	 500 	 962
31 	 2.8320 	 500 	 963
32 	 2.8360 	 500 	 965
33 	 2.8400 	 500 	 967
34 	 2.8440 	 500 	 969
35 	 2.8480 	 500 	 970
36 	 2.8520 	 500 	 972
38 	 2.8600 	 500 	 975
39 	 2.8640 	 500 	 977
40 	 2.8680 	 500 	 978
41 	 2.8720 	 500 	 981
42 	 2.8760 	 500 	 982
44 	 2.8840 	 500 	 985
45 	 2.8880 	 500 	 986
46 	 2.8920 	 500 	 988
47 	 2.8960 	 500 	 990
48 	 2.9000 	 500 	 991
49 	 2.9040 	 500 	 992
50 	 2.9080 	 500 	 994
51 	 2.9120 	 500 	 996
52 	 2.9160 	 500 	 997
53 	 2.9200 	 500 	 998
54 	 2.9240 	 500 	 1000
56 	 2.9320 	 500 	 1003
57 	 2.9360 	 500 	 1004
58 	 2.9400 	 500 	 1005
59 	 2.9440 	 500 	 1008
61 	 2.9520 	 500 	 1011
62 	 2.9560 	 500 	 1012
63 	 2.9600 	 500 	 1014
64 	 2.9640 	 500 	 1015
65 	 2.9680 	 500 	 1017
66 	 2.9720 	 500 	 1019
67 	 2.9760 	 500 	 1020
68 	 2.9800 	 500 	 1022
69 	 2.9840 	 500 	 1024
70 	 2.9880 	 500 	 1026
71 	 2.9920 	 500 	 1027
72 	 2.9960 	 500 	 1029
73 	 3.0000 	 500 	 1031
74 	 3.0040 	 500 	 1032
75 	 3.0080 	 500 	 1034
76 	 3.0120 	 500 	 1035
77 	 3.0160 	 500 	 1038
78 	 3.0200 	 500 	 1039
80 	 3.0280 	 500 	 1041
81 	 3.0320 	 500 	 1045
83 	 3.0400 	 500 	 1047
84 	 3.0440 	 500 	 1049
85 	 3.0480 	 500 	 1051
86 	 3.0520 	 500 	 1052
87 	 3.0560 	 500 	 1053
88 	 3.0600 	 500 	 1054
90 	 3.0680 	 500 	 1058
91 	 3.0720 	 500 	 1059
92 	 3.0760 	 500 	 1062
93 	 3.0800 	 500 	 1063
94 	 3.0840 	 500 	 1064
95 	 3.0880 	 500 	 1066
96 	 3.0920 	 500 	 1068
97 	 3.0960 	 500 	 1069
98 	 3.1000 	 500 	 1070
99 	 3.1040 	 500 	 1072
100 	 3.1080 	 500 	 1074
102 	 3.1160 	 500 	 1076
103 	 3.1200 	 500 	 1079
104 	 3.1240 	 500 	 1080
105 	 3.1280 	 500 	 1081
106 	 3.1320 	 500 	 1084
107 	 3.1360 	 500 	 1085
108 	 3.1400 	 500 	 1087
109 	 3.1440 	 500 	 1088
110 	 3.1480 	 500 	 1089
111 	 3.1520 	 500 	 1092
112 	 3.1560 	 500 	 1093
113 	 3.1600 	 500 	 1094
115 	 3.1680 	 500 	 1098
117 	 3.1760 	 500 	 1101
118 	 3.1800 	 500 	 1103
119 	 3.1840 	 500 	 1104
120 	 3.1880 	 500 	 1105
121 	 3.1920 	 500 	 1106
122 	 3.1960 	 500 	 1108
123 	 3.2000 	 500 	 1109
124 	 3.2040 	 500 	 1110
125 	 3.2080 	 500 	 1111
126 	 3.2120 	 500 	 1113
127 	 3.2160 	 500 	 1114
128 	 3.2200 	 500 	 1115
129 	 3.2240 	 500 	 1117
130 	 3.2280 	 500 	 1118
131 	 3.2320 	 500 	 1119
132 	 3.2360 	 500 	 1120
133 	 3.2400 	 500 	 1122
134 	 3.2440 	 500 	 1123
135 	 3.2480 	 500 	 1124
136 	 3.2520 	 500 	 1126
137 	 3.2560 	 500 	 1128
138 	 3.2600 	 500 	 1129
139 	 3.2640 	 500 	 1130
140 	 3.2680 	 500 	 1133
141 	 3.2720 	 500 	 1134
142 	 3.2760 	 500 	 1136
143 	 3.2800 	 500 	 1137
144 	 3.2840 	 500 	 1138
145 	 3.2880 	 500 	 1140
146 	 3.2920 	 500 	 1141
147 	 3.2960 	 500 	 1142
148 	 3.3000 	 500 	 1144
149 	 3.3040 	 500 	 1145
150 	 3.3080 	 500 	 1148
151 	 3.3120 	 500 	 1149
152 	 3.3160 	 500 	 1150
153 	 3.3200 	 500 	 1151
154 	 3.3240 	 500 	 1152
155 	 3.3280 	 500 	 1153
156 	 3.3320 	 500 	 1154
157 	 3.3360 	 500 	 1156
158 	 3.3400 	 500 	 1157
159 	 3.3440 	 500 	 1158
160 	 3.3480 	 500 	 1159
161 	 3.3520 	 500 	 1161
162 	 3.3560 	 500 	 1162
163 	 3.3600 	 500 	 1163
164 	 3.3640 	 500 	 1165
165 	 3.3680 	 500 	 1167
166 	 3.3720 	 500 	 1168
167 	 3.3760 	 500 	 1169
168 	 3.3800 	 500 	 1172
169 	 3.3840 	 500 	 1173
170 	 3.3880 	 500 	 1174
171 	 3.3920 	 500 	 1176
172 	 3.3960 	 500 	 1177
173 	 3.4000 	 500 	 1180
174 	 3.4040 	 500 	 1181
175 	 3.4080 	 500 	 1182
176 	 3.4120 	 500 	 1184
177 	 3.4160 	 500 	 1185
178 	 3.4200 	 500 	 1186
179 	 3.4240 	 500 	 1188
180 	 3.4280 	 500 	 1189
181 	 3.4320 	 500 	 1191
182 	 3.4360 	 500 	 1192
183 	 3.4400 	 500 	 1193
184 	 3.4440 	 500 	 1195
185 	 3.4480 	 500 	 1196
186 	 3.4520 	 500 	 1197
187 	 3.4560 	 500 	 1198
188 	 3.4600 	 500 	 1200
189 	 3.4640 	 500 	 1201
190 	 3.4680 	 500 	 1202
191 	 3.4720 	 500 	 1205
192 	 3.4760 	 500 	 1207
193 	 3.4800 	 500 	 1208
194 	 3.4840 	 500 	 1209
195 	 3.4880 	 500 	 1212
196 	 3.4920 	 500 	 1213
197 	 3.4960 	 500 	 1214
198 	 3.5000 	 500 	 1215
199 	 3.5040 	 500 	 1217
0 	 3.5080 	 500 	 1219
1 	 3.5120 	 500 	 1221
2 	 3.5160 	 500 	 1222
3 	 3.5200 	 500 	 1224
4 	 3.5240 	 500 	 1225
5 	 3.5280 	 500 	 1226
6 	 3.5320 	 500 	 1228
7 	 3.5360 	 500 	 1229
8 	 3.5400 	 500 	 1230
9 	 3.5440 	 500 	 1232
10 	 3.5480 	 500 	 1234
11 	 3.5520 	 500 	 1235
12 	 3.5560 	 500 	 1237
13 	 3.5600 	 500 	 1238
14 	 3.5640 	 500 	 1239
15 	 3.5680 	 500 	 1240
16 	 3.5720 	 500 	 1242
17 	 3.5760 	 500 	 1243
18 	 3.5800 	 500 	 1245
19 	 3.5840 	 500 	 1246
20 	 3.5880 	 500 	 1250
21 	 3.5920 	 500 	 1251
22 	 3.5960 	 500 	 1252
23 	 3.6000 	 500 	 1255
24 	 3.6040 	 500 	 1256
25 	 3.6080 	 500 	 1257
26 	 3.6120 	 500 	 1258
27 	 3.6160 	 500 	 1261
28 	 3.6200 	 500 	 1262
29 	 3.6240 	 500 	 1263
30 	 3.6280 	 500 	 1265
31 	 3.6320 	 500 	 1267
32 	 3.6360 	 500 	 1268
33 	 3.6400 	 500 	 1269
34 	 3.6440 	 500 	 1270
35 	 3.6480 	 500 	 1272
36 	 3.6520 	 500 	 1273
37 	 3.6560 	 500 	 1275
38 	 3.6600 	 500 	 1277
39 	 3.6640 	 500 	 1278
40 	 3.6680 	 500 	 1280
41 	 3.6720 	 500 	 1281
42 	 3.6760 	 500 	 1283
43 	 3.6800 	 500 	 1284
44 	 3.6840 	 500 	 1285
45 	 3.6880 	 500 	 1288
46 	 3.6920 	 500 	 1289
47 	 3.6960 	 500 	 1291
48 	 3.7000 	 500 	 1292
49 	 3.7040 	 500 	 1294
50 	 3.7080 	 500 	 1296
51 	 3.7120 	 500 	 1297
52 	 3.7160 	 500 	 1298
53 	 3.7200 	 500 	 1302
54 	 3.7240 	 500 	 1303
55 	 3.7280 	 500 	 1304
56 	 3.7320 	 500 	 1305
57 	 3.7360 	 500 	 1308
58 	 3.7400 	 500 	 1309
59 	 3.7440 	 500 	 1310
60 	 3.7480 	 500 	 1312
61 	 3.7520 	 500 	 1314
62 	 3.7560 	 500 	 1315
63 	 3.7600 	 500 	 1316
64 	 3.7640 	 500 	 1318
65 	 3.7680 	 500 	 1319
66 	 3.7720 	 500 	 1321
67 	 3.7760 	 500 	 1322
68 	 3.7800 	 500 	 1324
69 	 3.7840 	 500 	 1325
70 	 3.7880 	 500 	 1327
71 	 3.7920 	 500 	 1328
72 	 3.7960 	 500 	 1330
73 	 3.8000 	 500 	 1331
74 	 3.8040 	 500 	 1333
75 	 3.8080 	 500 	 1334
76 	 3.8120 	 500 	 1336
77 	 3.8160 	 500 	 1338
78 	 3.8200 	 500 	 1340
79 	 3.8240 	 500 	 1341
80 	 3.8280 	 500 	 1343
81 	 3.8320 	 500 	 1344
82 	 3.8360 	 500 	 1346
83 	 3.8400 	 500 	 1348
84 	 3.8440 	 500 	 1349
85 	 3.8480 	 500 	 1351
86 	 3.8520 	 500 	 1354
87 	 3.8560 	 500 	 1355
89 	 3.8640 	 500 	 1359
90 	 3.8680 	 500 	 1360
91 	 3.8720 	 500 	 1361
92 	 3.8760 	 500 	 1362
94 	 3.8840 	 500 	 1366
95 	 3.8880 	 500 	 1367
96 	 3.8920 	 500 	 1368
97 	 3.8960 	 500 	 1370
98 	 3.9000 	 500 	 1372
99 	 3.9040 	 500 	 1373
100 	 3.9080 	 500 	 1374
101 	 3.9120 	 500 	 1376
102 	 3.9160 	 500 	 1378
103 	 3.9200 	 500 	 1379
104 	 3.9240 	 500 	 1380
105 	 3.9280 	 500 	 1382
107 	 3.9360 	 500 	 1385
108 	 3.9400 	 500 	 1386
109 	 3.9440 	 500 	 1388
111 	 3.9520 	 500 	 1391
112 	 3.9560 	 500 	 1393
113 	 3.9600 	 500 	 1395
114 	 3.9640 	 500 	 1397
115 	 3.9680 	 500 	 1398
116 	 3.9720 	 500 	 1401
117 	 3.9760 	 500 	 1402
118 	 3.9800 	 500 	 1403
119 	 3.9840 	 500 	 1404
120 	 3.9880 	 500 	 1407
121 	 3.9920 	 500 	 1408
123 	 4.0000 	 500 	 1412
124 	 4.0040 	 500 	 1415
125 	 4.0080 	 500 	 1416
126 	 4.0120 	 500 	 1417
127 	 4.0160 	 500 	 1420
128 	 4.0200 	 500 	 1421
130 	 4.0280 	 500 	 1423
131 	 4.0320 	 500 	 1425
132 	 4.0360 	 500 	 1427
133 	 4.0400 	 500 	 1428
134 	 4.0440 	 500 	 1429
135 	 4.0480 	 500 	 1432
136 	 4.0520 	 500 	 1433
137 	 4.0560 	 500 	 1434
138 	 4.0600 	 500 	 1435
139 	 4.0640 	 500 	 1437
140 	 4.0680 	 500 	 1439
142 	 4.0760 	 500 	 1442
143 	 4.0800 	 500 	 1444
144 	 4.0840 	 500 	 1445
145 	 4.0880 	 500 	 1447
146 	 4.0920 	 500 	 1449
148 	 4.1000 	 500 	 1452
149 	 4.1040 	 500 	 1453
150 	 4.1080 	 500 	 1455
151 	 4.1120 	 500 	 1457
152 	 4.1160 	 500 	 1458
153 	 4.1200 	 500 	 1460
154 	 4.1240 	 500 	 1462
155 	 4.1280 	 500 	 1463
157 	 4.1360 	 500 	 1467
158 	 4.1400 	 500 	 1468
159 	 4.1440 	 500 	 1470
160 	 4.1480 	 500 	 1471
161 	 4.1520 	 500 	 1473
162 	 4.1560 	 500 	 1475
164 	 4.1640 	 500 	 1477
165 	 4.1680 	 500 	 1479
166 	 4.1720 	 500 	 1481
167 	 4.1760 	 500 	 1482
168 	 4.1800 	 500 	 1484
169 	 4.1840 	 500 	 1486
170 	 4.1880 	 500 	 1487
171 	 4.1920 	 500 	 1488
172 	 4.1960 	 500 	 1489
173 	 4.2000 	 500 	 1491
174 	 4.2040 	 500 	 1492
175 	 4.2080 	 500 	 1494
176 	 4.2120 	 500 	 1495
177 	 4.2160 	 500 	 1496
178 	 4.2200 	 500 	 1497
179 	 4.2240 	 500 	 1499
180 	 4.2280 	 500 	 1500
181 	 4.2320 	 500 	 1501
182 	 4.2360 	 500 	 1503
183 	 4.2400 	 500 	 1504
184 	 4.2440 	 500 	 1505
185 	 4.2480 	 500 	 1507
186 	 4.2520 	 500 	 1508
187 	 4.2560 	 500 	 1509
188 	 4.2600 	 500 	 1511
189 	 4.2640 	 500 	 1512
190 	 4.2680 	 500 	 1514
191 	 4.2720 	 500 	 1516
192 	 4.2760 	 500 	 1518
193 	 4.2800 	 500 	 1519
194 	 4.2840 	 500 	 1520
195 	 4.2880 	 500 	 1522
196 	 4.2920 	 500 	 1524
197 	 4.2960 	 500 	 1525
198 	 4.3000 	 500 	 1527
199 	 4.3040 	 500 	 1528
0 	 4.3080 	 500 	 1529
1 	 4.3120 	 500 	 1530
