1 	 0.3247 	 500 	 14
2 	 0.3287 	 500 	 15
3 	 0.3327 	 500 	 16
4 	 0.3367 	 500 	 19
5 	 0.3449 	 500 	 22
6 	 0.3531 	 500 	 23
7 	 0.3613 	 500 	 26
8 	 0.3695 	 500 	 29
9 	 0.3777 	 500 	 30
10 	 0.3859 	 500 	 31
11 	 0.3942 	 500 	 32
12 	 0.4024 	 500 	 33
13 	 0.4050 	 500 	 34
14 	 0.4077 	 500 	 35
15 	 0.4104 	 500 	 36
16 	 0.4130 	 500 	 38
17 	 0.4157 	 500 	 39
18 	 0.4184 	 500 	 41
19 	 0.4210 	 500 	 42
20 	 0.4237 	 500 	 44
21 	 0.4264 	 500 	 45
22 	 0.4290 	 500 	 47
23 	 0.4317 	 500 	 50
24 	 0.4399 	 500 	 52
25 	 0.4481 	 500 	 55
26 	 0.4563 	 500 	 57
27 	 0.4646 	 500 	 60
28 	 0.4728 	 500 	 62
29 	 0.4810 	 500 	 65
30 	 0.4892 	 500 	 67
31 	 0.4974 	 500 	 70
34 	 0.5112 	 500 	 75
36 	 0.5194 	 500 	 79
39 	 0.5331 	 500 	 85
41 	 0.5358 	 500 	 88
42 	 0.5385 	 500 	 89
43 	 0.5411 	 500 	 91
44 	 0.5438 	 500 	 92
45 	 0.5465 	 500 	 93
46 	 0.5491 	 500 	 95
47 	 0.5518 	 500 	 98
48 	 0.5600 	 500 	 100
49 	 0.5682 	 500 	 103
51 	 0.5765 	 500 	 108
52 	 0.5847 	 500 	 110
55 	 0.5929 	 500 	 117
57 	 0.6011 	 500 	 122
59 	 0.6093 	 500 	 126
61 	 0.6175 	 500 	 130
63 	 0.6257 	 500 	 134
66 	 0.6395 	 500 	 138
67 	 0.6422 	 500 	 139
68 	 0.6448 	 500 	 140
69 	 0.6475 	 500 	 142
70 	 0.6502 	 500 	 144
71 	 0.6584 	 500 	 146
72 	 0.6610 	 500 	 147
73 	 0.6637 	 500 	 149
74 	 0.6664 	 500 	 150
75 	 0.6690 	 500 	 151
76 	 0.6717 	 500 	 153
77 	 0.6744 	 500 	 154
78 	 0.6770 	 500 	 156
79 	 0.6797 	 500 	 157
80 	 0.6824 	 500 	 159
81 	 0.6850 	 500 	 160
82 	 0.6877 	 500 	 162
83 	 0.6904 	 500 	 163
84 	 0.6930 	 500 	 165
85 	 0.6957 	 500 	 166
86 	 0.6984 	 500 	 168
87 	 0.7010 	 500 	 169
88 	 0.7037 	 500 	 171
89 	 0.7064 	 500 	 173
90 	 0.7090 	 500 	 174
91 	 0.7117 	 500 	 175
92 	 0.7144 	 500 	 176
93 	 0.7170 	 500 	 177
94 	 0.7197 	 500 	 179
95 	 0.7224 	 500 	 180
96 	 0.7250 	 500 	 181
97 	 0.7277 	 500 	 182
98 	 0.7304 	 500 	 183
99 	 0.7330 	 500 	 184
100 	 0.7357 	 500 	 185
101 	 0.7384 	 500 	 186
102 	 0.7410 	 500 	 187
103 	 0.7437 	 500 	 188
104 	 0.7464 	 500 	 189
105 	 0.7490 	 500 	 190
106 	 0.7517 	 500 	 191
107 	 0.7544 	 500 	 192
108 	 0.7570 	 500 	 193
109 	 0.7597 	 500 	 194
110 	 0.7624 	 500 	 195
111 	 0.7650 	 500 	 196
112 	 0.7687 	 500 	 197
113 	 0.7727 	 500 	 198
114 	 0.7767 	 500 	 199
115 	 0.7807 	 500 	 200
116 	 0.7847 	 500 	 201
117 	 0.7887 	 500 	 202
118 	 0.7927 	 500 	 203
119 	 0.7967 	 500 	 204
120 	 0.8007 	 500 	 205
121 	 0.8047 	 500 	 206
122 	 0.8087 	 500 	 207
123 	 0.8127 	 500 	 208
124 	 0.8167 	 500 	 209
125 	 0.8207 	 500 	 210
126 	 0.8247 	 500 	 211
127 	 0.8287 	 500 	 212
128 	 0.8327 	 500 	 213
129 	 0.8367 	 500 	 214
130 	 0.8407 	 500 	 215
131 	 0.8447 	 500 	 216
132 	 0.8487 	 500 	 217
133 	 0.8527 	 500 	 218
134 	 0.8567 	 500 	 219
135 	 0.8607 	 500 	 220
136 	 0.8647 	 500 	 221
137 	 0.8687 	 500 	 222
138 	 0.8727 	 500 	 223
139 	 0.8767 	 500 	 224
140 	 0.8807 	 500 	 225
141 	 0.8847 	 500 	 226
142 	 0.8887 	 500 	 227
143 	 0.8927 	 500 	 228
144 	 0.8967 	 500 	 229
145 	 0.9007 	 500 	 230
146 	 0.9047 	 500 	 231
147 	 0.9087 	 500 	 232
148 	 0.9127 	 500 	 233
149 	 0.9167 	 500 	 234
150 	 0.9207 	 500 	 235
151 	 0.9247 	 500 	 236
152 	 0.9329 	 500 	 238
153 	 0.9355 	 500 	 239
154 	 0.9382 	 500 	 240
155 	 0.9409 	 500 	 241
156 	 0.9447 	 500 	 242
157 	 0.9487 	 500 	 243
158 	 0.9527 	 500 	 244
159 	 0.9567 	 500 	 245
160 	 0.9607 	 500 	 246
161 	 0.9647 	 500 	 247
162 	 0.9687 	 500 	 248
163 	 0.9727 	 500 	 250
164 	 0.9767 	 500 	 251
165 	 0.9807 	 500 	 252
166 	 0.9847 	 500 	 253
167 	 0.9887 	 500 	 254
168 	 0.9927 	 500 	 255
169 	 0.9967 	 500 	 256
170 	 1.0007 	 500 	 259
171 	 1.0089 	 500 	 260
172 	 1.0171 	 500 	 261
173 	 1.0198 	 500 	 262
174 	 1.0224 	 500 	 263
175 	 1.0251 	 500 	 264
176 	 1.0278 	 500 	 265
177 	 1.0304 	 500 	 266
178 	 1.0331 	 500 	 267
179 	 1.0367 	 500 	 268
180 	 1.0407 	 500 	 269
181 	 1.0447 	 500 	 270
182 	 1.0487 	 500 	 272
183 	 1.0527 	 500 	 273
184 	 1.0567 	 500 	 275
185 	 1.0607 	 500 	 276
186 	 1.0647 	 500 	 277
187 	 1.0687 	 500 	 278
188 	 1.0727 	 500 	 279
189 	 1.0767 	 500 	 283
190 	 1.0849 	 500 	 284
191 	 1.0931 	 500 	 286
192 	 1.1013 	 500 	 287
193 	 1.1095 	 500 	 288
194 	 1.1122 	 500 	 289
195 	 1.1149 	 500 	 290
196 	 1.1175 	 500 	 291
197 	 1.1202 	 500 	 292
198 	 1.1229 	 500 	 293
199 	 1.1255 	 500 	 294
0 	 1.1282 	 500 	 295
1 	 1.1309 	 500 	 297
2 	 1.1335 	 500 	 298
3 	 1.1362 	 500 	 300
4 	 1.1389 	 500 	 301
5 	 1.1415 	 500 	 303
6 	 1.1447 	 500 	 304
7 	 1.1487 	 500 	 306
8 	 1.1527 	 500 	 309
9 	 1.1609 	 500 	 310
10 	 1.1691 	 500 	 312
11 	 1.1773 	 500 	 313
12 	 1.1800 	 500 	 316
13 	 1.1882 	 500 	 317
14 	 1.1964 	 500 	 319
15 	 1.2046 	 500 	 320
16 	 1.2073 	 500 	 321
17 	 1.2099 	 500 	 322
18 	 1.2126 	 500 	 323
19 	 1.2153 	 500 	 324
20 	 1.2179 	 500 	 326
21 	 1.2206 	 500 	 327
22 	 1.2233 	 500 	 329
23 	 1.2259 	 500 	 330
24 	 1.2286 	 500 	 332
25 	 1.2313 	 500 	 333
26 	 1.2339 	 500 	 335
27 	 1.2366 	 500 	 341
28 	 1.2448 	 500 	 343
29 	 1.2530 	 500 	 345
30 	 1.2613 	 500 	 346
31 	 1.2695 	 500 	 349
32 	 1.2777 	 500 	 350
33 	 1.2859 	 500 	 351
34 	 1.2941 	 500 	 352
35 	 1.2968 	 500 	 353
36 	 1.2994 	 500 	 354
37 	 1.3021 	 500 	 355
38 	 1.3048 	 500 	 356
39 	 1.3074 	 500 	 357
40 	 1.3101 	 500 	 358
41 	 1.3128 	 500 	 360
42 	 1.3154 	 500 	 361
43 	 1.3181 	 500 	 363
44 	 1.3208 	 500 	 364
45 	 1.3234 	 500 	 366
46 	 1.3261 	 500 	 367
47 	 1.3288 	 500 	 369
48 	 1.3314 	 500 	 370
49 	 1.3341 	 500 	 372
50 	 1.3368 	 500 	 373
51 	 1.3394 	 500 	 375
52 	 1.3421 	 500 	 377
53 	 1.3503 	 500 	 379
54 	 1.3530 	 500 	 381
55 	 1.3612 	 500 	 382
56 	 1.3639 	 500 	 385
57 	 1.3721 	 500 	 386
58 	 1.3803 	 500 	 388
59 	 1.3885 	 500 	 389
60 	 1.3912 	 500 	 390
61 	 1.3994 	 500 	 392
62 	 1.4021 	 500 	 393
63 	 1.4047 	 500 	 394
64 	 1.4074 	 500 	 395
65 	 1.4101 	 500 	 396
66 	 1.4127 	 500 	 397
67 	 1.4154 	 500 	 399
68 	 1.4181 	 500 	 400
69 	 1.4207 	 500 	 401
70 	 1.4234 	 500 	 403
71 	 1.4261 	 500 	 404
72 	 1.4287 	 500 	 406
73 	 1.4314 	 500 	 407
74 	 1.4341 	 500 	 409
75 	 1.4423 	 500 	 411
76 	 1.4449 	 500 	 413
77 	 1.4476 	 500 	 415
78 	 1.4558 	 500 	 416
79 	 1.4585 	 500 	 418
80 	 1.4611 	 500 	 420
81 	 1.4694 	 500 	 421
82 	 1.4720 	 500 	 424
83 	 1.4802 	 500 	 425
84 	 1.4885 	 500 	 427
85 	 1.4967 	 500 	 428
86 	 1.4993 	 500 	 429
87 	 1.5075 	 500 	 431
88 	 1.5102 	 500 	 432
89 	 1.5129 	 500 	 433
90 	 1.5155 	 500 	 435
91 	 1.5182 	 500 	 436
92 	 1.5209 	 500 	 437
93 	 1.5235 	 500 	 439
94 	 1.5262 	 500 	 440
95 	 1.5289 	 500 	 441
96 	 1.5315 	 500 	 442
97 	 1.5342 	 500 	 444
98 	 1.5424 	 500 	 446
99 	 1.5451 	 500 	 448
100 	 1.5478 	 500 	 449
101 	 1.5560 	 500 	 452
102 	 1.5586 	 500 	 453
103 	 1.5613 	 500 	 454
104 	 1.5640 	 500 	 457
105 	 1.5722 	 500 	 458
106 	 1.5749 	 500 	 460
107 	 1.5775 	 500 	 462
108 	 1.5857 	 500 	 463
109 	 1.5884 	 500 	 465
110 	 1.5966 	 500 	 466
111 	 1.5993 	 500 	 469
112 	 1.6075 	 500 	 470
113 	 1.6157 	 500 	 471
114 	 1.6239 	 500 	 473
115 	 1.6266 	 500 	 475
116 	 1.6293 	 500 	 476
117 	 1.6319 	 500 	 477
118 	 1.6346 	 500 	 479
119 	 1.6373 	 500 	 480
120 	 1.6399 	 500 	 481
121 	 1.6426 	 500 	 482
122 	 1.6453 	 500 	 484
123 	 1.6535 	 500 	 486
124 	 1.6561 	 500 	 487
125 	 1.6588 	 500 	 488
126 	 1.6615 	 500 	 491
127 	 1.6697 	 500 	 492
128 	 1.6723 	 500 	 493
129 	 1.6750 	 500 	 495
130 	 1.6777 	 500 	 497
131 	 1.6859 	 500 	 499
132 	 1.6886 	 500 	 500
133 	 1.6912 	 500 	 503
134 	 1.6994 	 500 	 504
135 	 1.7021 	 500 	 506
136 	 1.7048 	 500 	 508
137 	 1.7130 	 500 	 509
138 	 1.7157 	 500 	 510
139 	 1.7239 	 500 	 512
140 	 1.7265 	 500 	 513
141 	 1.7347 	 500 	 516
142 	 1.7374 	 500 	 517
143 	 1.7456 	 500 	 520
144 	 1.7483 	 500 	 521
145 	 1.7510 	 500 	 522
146 	 1.7536 	 500 	 523
147 	 1.7563 	 500 	 525
148 	 1.7590 	 500 	 526
149 	 1.7616 	 500 	 527
150 	 1.7643 	 500 	 529
151 	 1.7725 	 500 	 531
152 	 1.7752 	 500 	 532
153 	 1.7778 	 500 	 533
154 	 1.7805 	 500 	 536
155 	 1.7887 	 500 	 537
156 	 1.7914 	 500 	 538
157 	 1.7941 	 500 	 539
158 	 1.7967 	 500 	 542
159 	 1.8049 	 500 	 543
160 	 1.8076 	 500 	 545
161 	 1.8103 	 500 	 546
162 	 1.8185 	 500 	 548
163 	 1.8211 	 500 	 550
164 	 1.8238 	 500 	 551
165 	 1.8265 	 500 	 553
166 	 1.8347 	 500 	 555
167 	 1.8374 	 500 	 556
168 	 1.8400 	 500 	 558
169 	 1.8482 	 500 	 559
170 	 1.8509 	 500 	 560
172 	 1.8591 	 500 	 564
173 	 1.8618 	 500 	 566
174 	 1.8700 	 500 	 567
175 	 1.8727 	 500 	 568
176 	 1.8753 	 500 	 569
177 	 1.8780 	 500 	 571
178 	 1.8807 	 500 	 572
179 	 1.8833 	 500 	 573
180 	 1.8860 	 500 	 575
181 	 1.8942 	 500 	 577
182 	 1.8969 	 500 	 578
183 	 1.8995 	 500 	 579
184 	 1.9022 	 500 	 582
185 	 1.9104 	 500 	 583
186 	 1.9131 	 500 	 584
187 	 1.9158 	 500 	 585
188 	 1.9184 	 500 	 588
189 	 1.9266 	 500 	 589
190 	 1.9293 	 500 	 590
191 	 1.9320 	 500 	 592
192 	 1.9346 	 500 	 593
193 	 1.9373 	 500 	 594
194 	 1.9400 	 500 	 596
195 	 1.9426 	 500 	 597
196 	 1.9453 	 500 	 598
197 	 1.9480 	 500 	 600
198 	 1.9506 	 500 	 601
199 	 1.9533 	 500 	 602
1 	 1.9560 	 500 	 604
2 	 1.9586 	 500 	 605
3 	 1.9613 	 500 	 607
4 	 1.9640 	 500 	 608
5 	 1.9722 	 500 	 610
6 	 1.9749 	 500 	 611
7 	 1.9775 	 500 	 613
8 	 1.9802 	 500 	 614
9 	 1.9829 	 500 	 615
10 	 1.9855 	 500 	 616
11 	 1.9937 	 500 	 619
12 	 1.9964 	 500 	 620
13 	 1.9991 	 500 	 621
14 	 2.0017 	 500 	 622
15 	 2.0099 	 500 	 624
16 	 2.0126 	 500 	 625
17 	 2.0153 	 500 	 626
18 	 2.0179 	 500 	 627
19 	 2.0262 	 500 	 630
20 	 2.0344 	 500 	 631
21 	 2.0370 	 500 	 632
22 	 2.0397 	 500 	 634
23 	 2.0424 	 500 	 635
24 	 2.0450 	 500 	 636
25 	 2.0477 	 500 	 637
26 	 2.0504 	 500 	 638
27 	 2.0530 	 500 	 639
28 	 2.0557 	 500 	 641
29 	 2.0584 	 500 	 642
30 	 2.0610 	 500 	 644
31 	 2.0693 	 500 	 645
32 	 2.0719 	 500 	 647
33 	 2.0746 	 500 	 648
34 	 2.0773 	 500 	 649
35 	 2.0799 	 500 	 651
36 	 2.0881 	 500 	 653
37 	 2.0908 	 500 	 654
38 	 2.0935 	 500 	 656
39 	 2.0961 	 500 	 658
40 	 2.1043 	 500 	 659
41 	 2.1070 	 500 	 660
42 	 2.1097 	 500 	 661
43 	 2.1123 	 500 	 662
44 	 2.1150 	 500 	 664
45 	 2.1177 	 500 	 665
46 	 2.1259 	 500 	 668
47 	 2.1341 	 500 	 670
48 	 2.1368 	 500 	 671
49 	 2.1394 	 500 	 672
50 	 2.1421 	 500 	 673
51 	 2.1448 	 500 	 675
52 	 2.1474 	 500 	 676
53 	 2.1501 	 500 	 677
54 	 2.1528 	 500 	 679
55 	 2.1610 	 500 	 681
56 	 2.1637 	 500 	 682
57 	 2.1663 	 500 	 683
58 	 2.1690 	 500 	 684
59 	 2.1717 	 500 	 686
60 	 2.1799 	 500 	 687
61 	 2.1825 	 500 	 689
62 	 2.1852 	 500 	 690
63 	 2.1879 	 500 	 693
64 	 2.1961 	 500 	 694
65 	 2.1987 	 500 	 695
66 	 2.2014 	 500 	 696
67 	 2.2041 	 500 	 697
68 	 2.2067 	 500 	 699
69 	 2.2150 	 500 	 700
70 	 2.2176 	 500 	 702
71 	 2.2258 	 500 	 704
72 	 2.2285 	 500 	 705
74 	 2.2312 	 500 	 708
75 	 2.2338 	 500 	 709
76 	 2.2365 	 500 	 710
77 	 2.2392 	 500 	 712
78 	 2.2474 	 500 	 714
79 	 2.2501 	 500 	 715
80 	 2.2527 	 500 	 716
81 	 2.2554 	 500 	 717
82 	 2.2581 	 500 	 718
83 	 2.2607 	 500 	 720
84 	 2.2634 	 500 	 721
85 	 2.2661 	 500 	 722
86 	 2.2687 	 500 	 724
87 	 2.2714 	 500 	 725
88 	 2.2741 	 500 	 726
89 	 2.2767 	 500 	 727
90 	 2.2807 	 500 	 728
91 	 2.2894 	 500 	 731
92 	 2.2920 	 500 	 732
93 	 2.2947 	 500 	 734
94 	 2.3029 	 500 	 735
95 	 2.3056 	 500 	 736
96 	 2.3082 	 500 	 737
97 	 2.3109 	 500 	 738
98 	 2.3136 	 500 	 739
99 	 2.3218 	 500 	 741
100 	 2.3245 	 500 	 742
101 	 2.3271 	 500 	 743
102 	 2.3298 	 500 	 745
103 	 2.3327 	 500 	 746
104 	 2.3367 	 500 	 747
105 	 2.3407 	 500 	 749
106 	 2.3447 	 500 	 750
107 	 2.3487 	 500 	 751
108 	 2.3527 	 500 	 752
109 	 2.3567 	 500 	 754
110 	 2.3649 	 500 	 756
111 	 2.3675 	 500 	 757
112 	 2.3702 	 500 	 758
113 	 2.3784 	 500 	 761
114 	 2.3866 	 500 	 762
115 	 2.3893 	 500 	 763
116 	 2.3920 	 500 	 764
117 	 2.3946 	 500 	 766
118 	 2.4029 	 500 	 767
119 	 2.4055 	 500 	 768
120 	 2.4082 	 500 	 769
121 	 2.4109 	 500 	 771
122 	 2.4135 	 500 	 772
123 	 2.4162 	 500 	 773
124 	 2.4189 	 500 	 775
125 	 2.4215 	 500 	 776
126 	 2.4247 	 500 	 778
127 	 2.4287 	 500 	 779
128 	 2.4327 	 500 	 781
129 	 2.4409 	 500 	 782
130 	 2.4435 	 500 	 784
131 	 2.4462 	 500 	 785
132 	 2.4544 	 500 	 787
133 	 2.4571 	 500 	 788
134 	 2.4653 	 500 	 791
135 	 2.4735 	 500 	 792
136 	 2.4762 	 500 	 793
137 	 2.4789 	 500 	 794
138 	 2.4871 	 500 	 796
139 	 2.4897 	 500 	 797
140 	 2.4924 	 500 	 799
141 	 2.4951 	 500 	 800
142 	 2.4977 	 500 	 801
143 	 2.5004 	 500 	 803
144 	 2.5031 	 500 	 804
145 	 2.5057 	 500 	 805
146 	 2.5084 	 500 	 807
147 	 2.5111 	 500 	 809
148 	 2.5193 	 500 	 811
149 	 2.5219 	 500 	 812
150 	 2.5246 	 500 	 813
151 	 2.5328 	 500 	 816
152 	 2.5355 	 500 	 817
153 	 2.5382 	 500 	 819
154 	 2.5464 	 500 	 820
155 	 2.5490 	 500 	 822
156 	 2.5573 	 500 	 823
157 	 2.5599 	 500 	 824
158 	 2.5626 	 500 	 825
159 	 2.5708 	 500 	 829
160 	 2.5790 	 500 	 830
161 	 2.5817 	 500 	 831
162 	 2.5843 	 500 	 832
163 	 2.5870 	 500 	 834
164 	 2.5897 	 500 	 835
165 	 2.5923 	 500 	 836
166 	 2.5950 	 500 	 838
167 	 2.6032 	 500 	 840
168 	 2.6059 	 500 	 841
169 	 2.6086 	 500 	 843
170 	 2.6112 	 500 	 845
171 	 2.6194 	 500 	 846
172 	 2.6221 	 500 	 848
173 	 2.6248 	 500 	 849
174 	 2.6330 	 500 	 852
175 	 2.6357 	 500 	 853
176 	 2.6383 	 500 	 855
177 	 2.6465 	 500 	 856
178 	 2.6492 	 500 	 857
179 	 2.6519 	 500 	 858
180 	 2.6601 	 500 	 861
181 	 2.6627 	 500 	 862
182 	 2.6710 	 500 	 865
183 	 2.6792 	 500 	 866
184 	 2.6818 	 500 	 868
185 	 2.6845 	 500 	 869
186 	 2.6872 	 500 	 870
187 	 2.6898 	 500 	 871
188 	 2.6981 	 500 	 874
189 	 2.7007 	 500 	 875
190 	 2.7034 	 500 	 876
191 	 2.7061 	 500 	 878
192 	 2.7143 	 500 	 880
193 	 2.7169 	 500 	 881
194 	 2.7196 	 500 	 883
195 	 2.7223 	 500 	 885
196 	 2.7305 	 500 	 886
197 	 2.7331 	 500 	 888
198 	 2.7358 	 500 	 889
199 	 2.7440 	 500 	 892
0 	 2.7467 	 500 	 893
1 	 2.7494 	 500 	 894
2 	 2.7520 	 500 	 896
3 	 2.7602 	 500 	 897
4 	 2.7629 	 500 	 899
5 	 2.7711 	 500 	 901
6 	 2.7738 	 500 	 902
7 	 2.7820 	 500 	 904
8 	 2.7847 	 500 	 906
9 	 2.7873 	 500 	 907
10 	 2.7900 	 500 	 908
11 	 2.7927 	 500 	 909
12 	 2.8009 	 500 	 913
13 	 2.8091 	 500 	 914
14 	 2.8118 	 500 	 915
15 	 2.8144 	 500 	 917
16 	 2.8226 	 500 	 919
18 	 2.8253 	 500 	 921
19 	 2.8280 	 500 	 923
20 	 2.8362 	 500 	 925
21 	 2.8389 	 500 	 926
22 	 2.8415 	 500 	 928
23 	 2.8442 	 500 	 930
24 	 2.8524 	 500 	 931
25 	 2.8551 	 500 	 933
26 	 2.8577 	 500 	 934
27 	 2.8604 	 500 	 936
28 	 2.8686 	 500 	 937
29 	 2.8713 	 500 	 938
30 	 2.8795 	 500 	 941
31 	 2.8822 	 500 	 942
32 	 2.8848 	 500 	 944
33 	 2.8930 	 500 	 946
34 	 2.8957 	 500 	 947
35 	 2.8984 	 500 	 949
36 	 2.9010 	 500 	 950
37 	 2.9037 	 500 	 952
38 	 2.9119 	 500 	 954
39 	 2.9146 	 500 	 957
40 	 2.9228 	 500 	 958
41 	 2.9310 	 500 	 959
42 	 2.9337 	 500 	 961
43 	 2.9419 	 500 	 963
44 	 2.9446 	 500 	 964
45 	 2.9472 	 500 	 965
46 	 2.9499 	 500 	 967
47 	 2.9581 	 500 	 969
48 	 2.9608 	 500 	 970
49 	 2.9634 	 500 	 972
50 	 2.9661 	 500 	 974
51 	 2.9743 	 500 	 975
52 	 2.9770 	 500 	 976
53 	 2.9797 	 500 	 978
54 	 2.9823 	 500 	 980
55 	 2.9905 	 500 	 981
56 	 2.9932 	 500 	 982
57 	 3.0014 	 500 	 985
59 	 3.0041 	 500 	 987
60 	 3.0067 	 500 	 990
61 	 3.0150 	 500 	 991
62 	 3.0176 	 500 	 993
63 	 3.0203 	 500 	 994
64 	 3.0230 	 500 	 995
65 	 3.0256 	 500 	 998
66 	 3.0338 	 500 	 999
67 	 3.0365 	 500 	 1000
68 	 3.0447 	 500 	 1002
69 	 3.0474 	 500 	 1004
71 	 3.0556 	 500 	 1007
72 	 3.0583 	 500 	 1010
73 	 3.0665 	 500 	 1012
74 	 3.0691 	 500 	 1013
75 	 3.0718 	 500 	 1014
76 	 3.0745 	 500 	 1015
77 	 3.0827 	 500 	 1018
78 	 3.0854 	 500 	 1019
79 	 3.0880 	 500 	 1020
80 	 3.0907 	 500 	 1022
82 	 3.0989 	 500 	 1025
83 	 3.1016 	 500 	 1027
84 	 3.1042 	 500 	 1028
85 	 3.1125 	 500 	 1030
86 	 3.1151 	 500 	 1031
87 	 3.1178 	 500 	 1033
88 	 3.1260 	 500 	 1035
89 	 3.1287 	 500 	 1036
90 	 3.1313 	 500 	 1037
92 	 3.1395 	 500 	 1041
93 	 3.1422 	 500 	 1043
94 	 3.1449 	 500 	 1044
95 	 3.1475 	 500 	 1046
96 	 3.1558 	 500 	 1048
97 	 3.1584 	 500 	 1049
98 	 3.1611 	 500 	 1051
99 	 3.1693 	 500 	 1052
100 	 3.1720 	 500 	 1054
102 	 3.1802 	 500 	 1057
103 	 3.1829 	 500 	 1058
104 	 3.1911 	 500 	 1061
105 	 3.1937 	 500 	 1062
106 	 3.1964 	 500 	 1063
107 	 3.1991 	 500 	 1065
108 	 3.2073 	 500 	 1067
109 	 3.2099 	 500 	 1068
110 	 3.2126 	 500 	 1069
111 	 3.2153 	 500 	 1071
113 	 3.2235 	 500 	 1074
114 	 3.2262 	 500 	 1076
115 	 3.2288 	 500 	 1078
116 	 3.2370 	 500 	 1079
117 	 3.2397 	 500 	 1080
118 	 3.2424 	 500 	 1082
119 	 3.2450 	 500 	 1083
120 	 3.2477 	 500 	 1084
121 	 3.2504 	 500 	 1085
122 	 3.2530 	 500 	 1087
123 	 3.2557 	 500 	 1088
124 	 3.2584 	 500 	 1090
125 	 3.2610 	 500 	 1091
126 	 3.2637 	 500 	 1092
127 	 3.2664 	 500 	 1094
128 	 3.2690 	 500 	 1095
129 	 3.2717 	 500 	 1096
130 	 3.2744 	 500 	 1097
131 	 3.2770 	 500 	 1099
132 	 3.2797 	 500 	 1101
133 	 3.2879 	 500 	 1102
134 	 3.2906 	 500 	 1103
135 	 3.2988 	 500 	 1106
136 	 3.3015 	 500 	 1107
138 	 3.3041 	 500 	 1109
139 	 3.3123 	 500 	 1112
140 	 3.3150 	 500 	 1113
141 	 3.3177 	 500 	 1114
142 	 3.3203 	 500 	 1115
143 	 3.3286 	 500 	 1117
144 	 3.3312 	 500 	 1118
145 	 3.3339 	 500 	 1119
146 	 3.3366 	 500 	 1121
147 	 3.3448 	 500 	 1122
148 	 3.3474 	 500 	 1123
149 	 3.3501 	 500 	 1124
150 	 3.3528 	 500 	 1125
151 	 3.3554 	 500 	 1127
152 	 3.3581 	 500 	 1128
153 	 3.3608 	 500 	 1129
154 	 3.3634 	 500 	 1131
156 	 3.3661 	 500 	 1133
157 	 3.3688 	 500 	 1135
158 	 3.3714 	 500 	 1136
159 	 3.3741 	 500 	 1138
160 	 3.3823 	 500 	 1139
161 	 3.3850 	 500 	 1140
162 	 3.3932 	 500 	 1144
163 	 3.4014 	 500 	 1145
164 	 3.4041 	 500 	 1146
165 	 3.4067 	 500 	 1148
166 	 3.4150 	 500 	 1150
167 	 3.4176 	 500 	 1151
168 	 3.4203 	 500 	 1152
169 	 3.4230 	 500 	 1154
170 	 3.4312 	 500 	 1155
171 	 3.4338 	 500 	 1156
172 	 3.4365 	 500 	 1157
174 	 3.4447 	 500 	 1160
175 	 3.4474 	 500 	 1162
176 	 3.4501 	 500 	 1163
177 	 3.4527 	 500 	 1164
178 	 3.4554 	 500 	 1166
179 	 3.4581 	 500 	 1167
180 	 3.4607 	 500 	 1169
181 	 3.4634 	 500 	 1170
182 	 3.4661 	 500 	 1171
183 	 3.4743 	 500 	 1174
184 	 3.4769 	 500 	 1175
185 	 3.4796 	 500 	 1177
186 	 3.4878 	 500 	 1178
187 	 3.4905 	 500 	 1181
188 	 3.4987 	 500 	 1182
189 	 3.5014 	 500 	 1183
190 	 3.5040 	 500 	 1184
191 	 3.5122 	 500 	 1188
193 	 3.5205 	 500 	 1190
194 	 3.5231 	 500 	 1191
195 	 3.5313 	 500 	 1193
196 	 3.5340 	 500 	 1194
197 	 3.5367 	 500 	 1195
198 	 3.5393 	 500 	 1198
199 	 3.5475 	 500 	 1199
0 	 3.5502 	 500 	 1200
1 	 3.5529 	 500 	 1202
2 	 3.5555 	 500 	 1203
3 	 3.5582 	 500 	 1204
4 	 3.5609 	 500 	 1206
5 	 3.5635 	 500 	 1207
6 	 3.5718 	 500 	 1209
7 	 3.5744 	 500 	 1211
8 	 3.5771 	 500 	 1212
9 	 3.5798 	 500 	 1215
10 	 3.5824 	 500 	 1216
11 	 3.5851 	 500 	 1217
12 	 3.5933 	 500 	 1220
13 	 3.5960 	 500 	 1221
14 	 3.5986 	 500 	 1222
15 	 3.6013 	 500 	 1224
16 	 3.6095 	 500 	 1226
17 	 3.6122 	 500 	 1229
18 	 3.6204 	 500 	 1230
19 	 3.6286 	 500 	 1231
20 	 3.6368 	 500 	 1233
21 	 3.6395 	 500 	 1234
23 	 3.6422 	 500 	 1237
24 	 3.6504 	 500 	 1239
25 	 3.6530 	 500 	 1240
26 	 3.6557 	 500 	 1241
27 	 3.6584 	 500 	 1242
28 	 3.6610 	 500 	 1244
29 	 3.6637 	 500 	 1245
30 	 3.6719 	 500 	 1247
31 	 3.6746 	 500 	 1248
32 	 3.6773 	 500 	 1250
33 	 3.6799 	 500 	 1251
34 	 3.6826 	 500 	 1253
35 	 3.6853 	 500 	 1255
36 	 3.6935 	 500 	 1256
37 	 3.6961 	 500 	 1258
38 	 3.6988 	 500 	 1259
39 	 3.7015 	 500 	 1262
40 	 3.7097 	 500 	 1263
41 	 3.7123 	 500 	 1264
42 	 3.7150 	 500 	 1267
43 	 3.7232 	 500 	 1268
44 	 3.7259 	 500 	 1269
45 	 3.7286 	 500 	 1270
46 	 3.7312 	 500 	 1271
47 	 3.7339 	 500 	 1273
48 	 3.7366 	 500 	 1274
49 	 3.7392 	 500 	 1275
50 	 3.7419 	 500 	 1276
52 	 3.7446 	 500 	 1278
53 	 3.7472 	 500 	 1280
54 	 3.7499 	 500 	 1281
55 	 3.7526 	 500 	 1283
56 	 3.7608 	 500 	 1284
57 	 3.7634 	 500 	 1286
58 	 3.7661 	 500 	 1287
59 	 3.7688 	 500 	 1288
60 	 3.7714 	 500 	 1291
61 	 3.7797 	 500 	 1292
62 	 3.7823 	 500 	 1293
63 	 3.7850 	 500 	 1294
64 	 3.7877 	 500 	 1296
65 	 3.7959 	 500 	 1297
66 	 3.7985 	 500 	 1298
67 	 3.8012 	 500 	 1299
68 	 3.8094 	 500 	 1301
69 	 3.8121 	 500 	 1302
70 	 3.8147 	 500 	 1304
71 	 3.8174 	 500 	 1305
72 	 3.8201 	 500 	 1306
73 	 3.8227 	 500 	 1307
74 	 3.8254 	 500 	 1309
75 	 3.8281 	 500 	 1310
77 	 3.8307 	 500 	 1313
78 	 3.8390 	 500 	 1315
79 	 3.8416 	 500 	 1316
80 	 3.8443 	 500 	 1317
81 	 3.8470 	 500 	 1318
82 	 3.8552 	 500 	 1321
83 	 3.8578 	 500 	 1322
84 	 3.8605 	 500 	 1323
85 	 3.8632 	 500 	 1324
86 	 3.8658 	 500 	 1327
87 	 3.8741 	 500 	 1328
88 	 3.8823 	 500 	 1329
89 	 3.8849 	 500 	 1332
90 	 3.8931 	 500 	 1333
91 	 3.8958 	 500 	 1334
92 	 3.8985 	 500 	 1335
93 	 3.9011 	 500 	 1337
94 	 3.9038 	 500 	 1338
95 	 3.9065 	 500 	 1339
96 	 3.9091 	 500 	 1340
97 	 3.9174 	 500 	 1342
98 	 3.9200 	 500 	 1344
99 	 3.9227 	 500 	 1345
100 	 3.9254 	 500 	 1347
101 	 3.9336 	 500 	 1349
102 	 3.9362 	 500 	 1350
103 	 3.9389 	 500 	 1352
104 	 3.9416 	 500 	 1353
105 	 3.9442 	 500 	 1354
106 	 3.9525 	 500 	 1356
107 	 3.9551 	 500 	 1357
108 	 3.9633 	 500 	 1359
109 	 3.9660 	 500 	 1361
110 	 3.9687 	 500 	 1364
111 	 3.9769 	 500 	 1365
112 	 3.9795 	 500 	 1366
113 	 3.9822 	 500 	 1368
114 	 3.9849 	 500 	 1369
115 	 3.9875 	 500 	 1370
116 	 3.9902 	 500 	 1372
117 	 3.9984 	 500 	 1374
118 	 4.0011 	 500 	 1375
119 	 4.0038 	 500 	 1376
120 	 4.0064 	 500 	 1379
121 	 4.0146 	 500 	 1380
122 	 4.0173 	 500 	 1381
123 	 4.0200 	 500 	 1382
124 	 4.0226 	 500 	 1384
125 	 4.0253 	 500 	 1386
126 	 4.0335 	 500 	 1387
127 	 4.0362 	 500 	 1388
128 	 4.0444 	 500 	 1390
129 	 4.0471 	 500 	 1392
130 	 4.0497 	 500 	 1393
131 	 4.0524 	 500 	 1395
132 	 4.0606 	 500 	 1396
133 	 4.0633 	 500 	 1398
134 	 4.0659 	 500 	 1399
135 	 4.0686 	 500 	 1400
136 	 4.0713 	 500 	 1401
137 	 4.0795 	 500 	 1403
138 	 4.0822 	 500 	 1405
139 	 4.0848 	 500 	 1406
140 	 4.0875 	 500 	 1408
141 	 4.0902 	 500 	 1410
142 	 4.0928 	 500 	 1411
143 	 4.0955 	 500 	 1412
144 	 4.0982 	 500 	 1413
145 	 4.1008 	 500 	 1416
146 	 4.1090 	 500 	 1417
147 	 4.1117 	 500 	 1418
148 	 4.1144 	 500 	 1419
149 	 4.1170 	 500 	 1421
150 	 4.1207 	 500 	 1422
151 	 4.1247 	 500 	 1423
152 	 4.1287 	 500 	 1424
153 	 4.1327 	 500 	 1425
154 	 4.1367 	 500 	 1426
155 	 4.1407 	 500 	 1427
156 	 4.1447 	 500 	 1428
157 	 4.1539 	 500 	 1431
158 	 4.1566 	 500 	 1432
159 	 4.1592 	 500 	 1433
160 	 4.1619 	 500 	 1434
161 	 4.1647 	 500 	 1435
162 	 4.1687 	 500 	 1436
163 	 4.1727 	 500 	 1437
164 	 4.1767 	 500 	 1439
165 	 4.1849 	 500 	 1440
166 	 4.1875 	 500 	 1441
167 	 4.1902 	 500 	 1442
168 	 4.1929 	 500 	 1444
169 	 4.1967 	 500 	 1445
170 	 4.2007 	 500 	 1446
171 	 4.2047 	 500 	 1447
172 	 4.2087 	 500 	 1448
173 	 4.2127 	 500 	 1449
174 	 4.2167 	 500 	 1450
175 	 4.2207 	 500 	 1452
176 	 4.2289 	 500 	 1454
177 	 4.2315 	 500 	 1455
178 	 4.2342 	 500 	 1456
179 	 4.2369 	 500 	 1457
180 	 4.2407 	 500 	 1458
181 	 4.2447 	 500 	 1459
182 	 4.2487 	 500 	 1460
183 	 4.2527 	 500 	 1462
184 	 4.2609 	 500 	 1463
185 	 4.2635 	 500 	 1464
186 	 4.2662 	 500 	 1465
187 	 4.2689 	 500 	 1467
188 	 4.2727 	 500 	 1468
189 	 4.2767 	 500 	 1469
190 	 4.2807 	 500 	 1470
191 	 4.2847 	 500 	 1471
192 	 4.2887 	 500 	 1472
193 	 4.2927 	 500 	 1473
194 	 4.2967 	 500 	 1474
195 	 4.3007 	 500 	 1476
196 	 4.3047 	 500 	 1477
197 	 4.3087 	 500 	 1478
198 	 4.3127 	 500 	 1479
199 	 4.3167 	 500 	 1480
0 	 4.3207 	 500 	 1481
1 	 4.3247 	 500 	 1482
