time latency
0.0 43
0.1 43
0.1 43
0.1 43
0.1 43
0.1 43
0.1 43
0.1 43
0.1 43
0.1 43
0.1 43
0.1 43
0.1 43
0.1 46
0.2 48
0.2 51
0.2 54
0.2 56
0.2 59
0.2 62
0.2 64
0.2 67
0.2 70
0.3 72
0.3 75
0.3 80
0.3 86
0.3 91
0.3 96
0.3 96
0.3 96
0.4 96
0.4 96
0.4 96
0.4 94
0.4 94
0.4 96
0.4 99
0.4 96
0.4 94
0.4 96
0.5 99
0.5 96
0.5 94
0.5 94
0.5 96
0.5 94
0.5 94
0.5 94
0.6 94
0.6 94
0.6 94
0.6 94
0.6 94
0.7 94
0.7 94
0.7 94
0.7 94
0.7 96
0.7 99
0.7 96
0.7 94
0.8 94
0.8 96
0.8 99
0.8 96
0.8 94
0.8 96
0.8 99
0.8 96
0.8 94
0.8 94
0.8 96
0.9 96
0.9 99
0.9 96
0.9 94
0.9 96
0.9 99
0.9 96
0.9 94
0.9 96
0.9 96
0.9 99
0.9 96
1.0 96
1.0 94
1.0 96
1.0 96
1.0 94
1.0 99
1.0 96
1.0 96
1.0 99
1.0 96
1.0 94
1.0 96
1.1 99
1.1 96
1.1 96
1.1 94
1.1 96
1.1 96
1.1 99
1.1 96
1.1 94
1.1 96
1.1 94
1.1 94
1.2 96
1.2 96
1.2 99
1.2 96
1.2 94
1.2 96
1.2 99
1.2 96
1.2 96
1.2 94
1.3 96
1.3 94
1.3 94
1.3 94
1.3 94
1.3 94
1.4 94
1.4 94
1.4 94
1.4 94
1.4 94
1.5 94
1.5 94
1.5 94
1.5 94
1.5 94
1.6 94
1.6 94
1.6 94
1.6 94
1.6 94
1.7 94
1.7 94
1.7 94
1.7 94
1.7 94
1.8 94
1.8 94
1.8 94
1.8 94
1.8 94
1.9 94
1.9 94
1.9 94
1.9 94
1.9 94
1.9 94
2.0 94
2.0 94
2.0 94
2.0 94
2.1 94
2.1 94
2.1 94
2.1 94
2.1 94
2.1 94
2.2 94
2.2 94
2.2 94
2.2 94
2.3 94
2.3 94
2.3 94
2.3 94
2.3 94
2.4 94
2.4 94
2.4 94
2.4 94
2.4 94
2.5 94
2.5 94
2.5 94
2.5 94
2.5 94
2.5 94
2.6 94
2.6 94
2.6 96
2.6 99
2.6 96
2.6 94
2.6 94
2.6 96
2.7 99
2.7 96
2.7 94
2.7 96
2.7 96
2.7 96
2.7 94
2.7 94
2.7 96
2.7 96
2.7 94
2.8 94
2.8 96
2.8 96
2.8 94
2.8 94
2.8 96
2.8 96
2.8 94
2.8 94
2.8 96
2.9 96
2.9 94
2.9 94
2.9 96
2.9 99
2.9 96
2.9 94
2.9 94
2.9 96
2.9 96
2.9 96
3.0 94
3.0 96
3.0 99
3.0 96
3.0 94
3.0 94
3.0 96
3.0 96
3.0 96
3.0 94
3.0 96
3.1 99
3.1 96
3.1 94
3.1 94
3.1 96
3.1 96
3.1 96
3.1 94
3.1 96
3.1 96
3.1 94
3.1 94
3.2 96
3.2 99
3.2 96
3.2 94
3.2 94
3.2 96
3.2 96
3.2 96
3.2 94
3.2 96
3.3 96
3.3 94
3.3 94
3.3 96
3.3 96
3.3 94
3.3 94
3.3 96
3.3 96
3.3 94
3.4 94
3.4 96
3.4 96
3.4 94
3.4 94
3.4 96
3.4 96
3.4 94
3.4 94
3.4 96
3.5 99
3.5 96
3.5 94
3.5 94
3.5 96
3.5 96
3.5 96
3.5 94
3.5 96
3.5 96
3.5 94
3.5 94
3.6 96
3.6 96
3.6 94
3.6 94
3.6 96
3.6 99
3.6 96
3.6 94
3.6 94
3.6 96
3.7 96
3.7 96
3.7 94
3.7 96
3.7 96
3.7 94
3.7 94
3.7 96
3.7 96
3.7 94
3.8 94
3.8 96
3.8 96
3.8 94
3.8 94
3.8 96
3.8 96
3.8 94
3.8 94
3.8 96
3.9 96
3.9 94
3.9 94
3.9 96
3.9 96
3.9 94
3.9 94
3.9 96
3.9 96
3.9 94
4.0 94
4.0 96
4.0 96
4.0 94
4.0 94
4.0 96
4.0 96
4.0 94
4.0 94
4.0 96
4.1 96
4.1 94
4.1 94
4.1 96
4.1 96
4.1 94
4.1 94
4.1 96
4.1 96
4.1 94
4.2 94
4.2 96
4.2 96
4.2 94
4.2 94
4.2 96
4.2 96
4.2 94
4.2 94
4.2 96
4.3 96
4.3 94
4.3 94
4.3 96
4.3 96
4.3 94
4.3 94
4.3 96
4.3 96
4.3 94
4.3 94
4.4 96
4.4 96
4.4 94
4.4 94
4.4 91
4.4 88
4.4 86
4.4 83
4.4 80
4.4 78
4.4 75
4.4 72
4.4 70
4.4 67
4.4 64
4.5 64
4.5 54
4.5 43
4.5 43
4.5 43
4.5 43
4.5 43
4.5 43
4.5 43
4.5 43
4.5 43
0.1 44
0.2 47
0.2 50
0.2 52
0.2 55
0.2 58
0.2 60
0.2 63
0.2 66
0.2 68
0.3 71
0.3 74
0.3 76
0.3 82
0.3 90
0.3 95
0.3 98
0.3 98
0.4 95
0.4 95
0.4 98
0.4 95
0.4 95
0.4 98
0.5 95
0.5 95
0.5 92
0.5 98
0.5 95
0.5 92
0.5 92
0.6 95
0.6 95
0.6 92
0.6 92
0.6 95
0.6 95
0.6 92
0.6 92
0.6 95
0.6 95
0.6 92
0.7 92
0.7 95
0.7 95
0.7 92
0.7 92
0.7 95
0.7 98
0.8 95
0.8 98
0.8 95
0.8 95
0.8 98
0.8 95
0.8 95
0.9 98
0.9 95
0.9 98
0.9 95
0.9 98
1.0 95
1.0 98
1.0 98
1.0 95
1.0 98
1.1 95
1.1 95
1.1 98
1.1 95
1.1 95
1.2 95
1.2 98
1.2 95
1.2 98
1.2 95
1.2 95
1.2 92
1.3 98
1.3 95
1.3 95
1.3 92
1.3 95
1.3 95
1.3 92
1.3 92
1.4 95
1.4 95
1.4 92
1.4 92
1.4 95
1.4 95
1.4 92
1.4 92
1.4 95
1.4 95
1.4 92
1.5 92
1.5 95
1.5 95
1.5 92
1.5 92
1.5 95
1.5 95
1.5 92
1.5 92
1.6 95
1.6 95
1.6 92
1.6 92
1.6 95
1.6 95
1.6 92
1.6 92
1.6 95
1.6 95
1.6 92
1.7 92
1.7 95
1.7 95
1.7 92
1.7 92
1.7 95
1.7 95
1.7 92
1.7 92
1.8 95
1.8 95
1.8 92
1.8 92
1.8 95
1.8 95
1.8 92
1.8 92
1.8 95
1.8 95
1.8 92
1.9 92
1.9 95
1.9 95
1.9 92
1.9 92
1.9 95
1.9 95
1.9 92
1.9 92
2.0 95
2.0 95
2.0 92
2.0 92
2.0 95
2.0 95
2.0 92
2.0 92
2.0 95
2.0 95
2.0 92
2.1 92
2.1 95
2.1 95
2.1 92
2.1 92
2.1 95
2.1 95
2.1 92
2.1 92
2.2 95
2.2 95
2.2 92
2.2 92
2.2 95
2.2 95
2.2 92
2.2 92
2.2 95
2.2 95
2.2 92
2.3 92
2.3 95
2.3 95
2.3 92
2.3 92
2.3 95
2.3 95
2.3 92
2.3 92
2.4 95
2.4 95
2.4 92
2.4 92
2.4 95
2.4 95
2.4 92
2.4 92
2.4 95
2.4 95
2.4 92
2.5 92
2.5 95
2.5 95
2.5 92
2.5 92
2.5 95
2.5 95
2.5 92
2.5 92
2.6 95
2.6 95
2.6 92
2.6 92
2.6 95
2.6 98
2.6 95
2.6 98
2.7 95
2.7 95
2.7 95
2.7 95
2.8 95
2.8 95
2.8 95
2.8 95
2.8 95
2.8 95
2.9 95
2.9 98
2.9 95
2.9 95
3.0 95
3.0 98
3.0 95
3.0 95
3.0 95
3.0 98
3.1 95
3.1 95
3.1 95
3.1 95
3.2 95
3.2 98
3.2 95
3.2 95
3.2 95
3.2 95
3.3 95
3.3 95
3.3 95
3.3 95
3.4 95
3.4 95
3.4 95
3.4 95
3.4 95
3.4 98
3.5 95
3.5 95
3.5 95
3.5 95
3.6 95
3.6 95
3.6 95
3.6 98
3.6 95
3.6 95
3.7 95
3.7 95
3.7 95
3.7 95
3.8 95
3.8 95
3.8 95
3.8 95
3.8 95
3.8 95
3.9 95
3.9 95
3.9 95
3.9 95
4.0 95
4.0 95
4.0 95
4.0 95
4.0 95
4.0 95
4.1 95
4.1 95
4.1 95
4.1 95
4.2 95
4.2 95
4.2 95
4.2 95
4.2 95
4.2 95
4.3 95
4.3 95
4.3 95
4.3 95
4.4 95
4.4 95
4.5 66
4.5 63
0.3 73
0.3 80
0.3 81
0.3 88
0.3 88
0.3 89
0.3 89
0.4 88
0.4 89
0.4 89
0.4 92
0.5 92
0.5 90
0.5 89
0.5 89
0.5 90
0.5 89
0.5 89
0.6 89
0.6 89
0.6 89
0.6 89
0.6 89
0.6 89
0.6 89
0.6 89
0.7 89
0.7 89
0.7 89
0.7 89
0.7 89
0.8 92
0.8 92
0.8 90
0.8 89
0.9 88
0.9 92
1.0 89
1.0 89
1.0 88
1.1 92
1.1 92
1.1 89
1.1 90
1.1 89
1.2 88
1.2 92
1.2 92
1.2 89
1.3 89
1.3 90
1.3 90
1.3 89
1.3 89
1.3 89
1.3 89
1.4 89
1.4 89
1.4 89
1.4 89
1.4 89
1.4 89
1.4 89
1.4 89
1.5 89
1.5 89
1.5 89
1.5 89
1.5 89
1.5 89
1.5 89
1.6 89
1.6 89
1.6 89
1.6 89
1.6 89
1.6 89
1.6 89
1.6 89
1.7 89
1.7 89
1.7 89
1.7 89
1.7 89
1.7 89
1.7 89
1.8 89
1.8 89
1.8 89
1.8 89
1.8 89
1.8 89
1.8 89
1.8 89
1.9 89
1.9 89
1.9 89
1.9 89
1.9 89
1.9 89
1.9 89
2.0 89
2.0 89
2.0 89
2.0 89
2.0 89
2.0 89
2.0 89
2.0 89
2.1 89
2.1 89
2.1 89
2.1 89
2.1 89
2.1 89
2.1 89
2.2 89
2.2 89
2.2 89
2.2 89
2.2 89
2.2 89
2.2 89
2.2 89
2.3 89
2.3 89
2.3 89
2.3 89
2.3 89
2.3 89
2.3 89
2.4 89
2.4 89
2.4 89
2.4 89
2.4 89
2.4 89
2.4 89
2.4 89
2.5 89
2.5 89
2.5 89
2.5 89
2.5 89
2.5 89
2.5 89
2.6 89
2.6 89
2.6 89
2.6 89
2.7 92
2.7 89
2.7 89
2.7 90
2.7 90
2.7 89
2.7 89
2.8 89
2.8 89
2.8 89
2.8 89
2.8 89
2.8 89
2.8 89
2.8 89
2.9 89
2.9 89
2.9 89
2.9 89
2.9 90
3.0 89
3.0 89
3.0 89
3.0 90
3.1 89
3.1 89
3.1 89
3.1 90
3.1 89
3.1 89
3.1 89
3.2 89
3.2 89
3.2 89
3.2 90
3.2 89
3.2 89
3.3 89
3.3 89
3.3 89
3.3 89
3.3 89
3.3 89
3.3 89
3.4 89
3.4 89
3.4 89
3.4 89
3.4 89
3.4 89
3.5 89
3.5 89
3.5 89
3.5 90
3.5 89
3.5 89
3.5 89
3.6 89
3.6 89
3.6 89
3.6 89
3.6 89
3.6 89
3.7 90
3.7 89
3.7 89
3.7 89
3.7 89
3.7 89
3.7 89
3.8 89
3.8 89
3.8 89
3.8 89
3.8 89
3.8 89
3.8 89
3.8 89
3.9 89
3.9 89
3.9 89
3.9 89
3.9 89
3.9 89
3.9 89
4.0 89
4.0 89
4.0 89
4.0 89
4.0 89
4.0 89
4.0 89
4.0 89
4.1 89
4.1 89
4.1 89
4.1 89
4.1 89
4.1 89
4.1 89
4.2 89
4.2 89
4.2 89
4.2 89
4.2 89
4.2 89
4.2 89
4.2 89
4.3 89
4.3 89
4.3 89
4.3 89
4.3 89
4.3 89
4.3 89
4.4 89
4.4 89
4.4 89
