1 	 0.2733 	 500 	 38
2 	 0.2867 	 500 	 41
3 	 0.2947 	 500 	 44
4 	 0.3080 	 500 	 46
5 	 0.3213 	 500 	 49
6 	 0.3293 	 500 	 52
7 	 0.3427 	 500 	 54
8 	 0.3560 	 500 	 57
9 	 0.3640 	 500 	 60
10 	 0.3773 	 500 	 62
12 	 0.3907 	 500 	 68
13 	 0.3987 	 500 	 70
15 	 0.4120 	 500 	 76
19 	 0.4413 	 500 	 86
21 	 0.4547 	 500 	 92
28 	 0.5107 	 500 	 110
31 	 0.5293 	 500 	 118
33 	 0.5427 	 500 	 124
34 	 0.5453 	 500 	 126
35 	 0.5533 	 500 	 129
36 	 0.5560 	 500 	 132
39 	 0.5747 	 500 	 140
40 	 0.5773 	 500 	 142
43 	 0.5960 	 500 	 150
45 	 0.6093 	 500 	 156
47 	 0.6227 	 500 	 161
48 	 0.6307 	 500 	 164
49 	 0.6387 	 500 	 166
51 	 0.6520 	 500 	 172
52 	 0.6547 	 500 	 174
55 	 0.6787 	 500 	 182
57 	 0.6920 	 500 	 188
59 	 0.7053 	 500 	 193
61 	 0.7187 	 500 	 198
62 	 0.7267 	 500 	 201
63 	 0.7293 	 500 	 204
64 	 0.7373 	 500 	 206
65 	 0.7453 	 500 	 209
66 	 0.7480 	 500 	 212
68 	 0.7613 	 500 	 217
69 	 0.7640 	 500 	 220
70 	 0.7720 	 500 	 223
72 	 0.7853 	 500 	 228
75 	 0.8093 	 500 	 236
78 	 0.8333 	 500 	 244
79 	 0.8413 	 500 	 247
81 	 0.8547 	 500 	 252
82 	 0.8627 	 500 	 255
84 	 0.8760 	 500 	 260
87 	 0.8947 	 500 	 268
90 	 0.9133 	 500 	 276
91 	 0.9213 	 500 	 279
93 	 0.9347 	 500 	 284
97 	 0.9640 	 500 	 295
99 	 0.9773 	 500 	 300
102 	 0.9960 	 500 	 308
103 	 1.0040 	 500 	 311
105 	 1.0173 	 500 	 316
108 	 1.0360 	 500 	 324
111 	 1.0547 	 500 	 332
115 	 1.0840 	 500 	 343
117 	 1.0973 	 500 	 348
121 	 1.1267 	 500 	 359
123 	 1.1400 	 500 	 364
126 	 1.1587 	 500 	 372
129 	 1.1773 	 500 	 380
133 	 1.2067 	 500 	 391
135 	 1.2147 	 500 	 396
136 	 1.2227 	 500 	 399
137 	 1.2307 	 500 	 401
138 	 1.2333 	 500 	 404
140 	 1.2467 	 500 	 409
141 	 1.2493 	 500 	 412
145 	 1.2787 	 500 	 423
147 	 1.2867 	 500 	 428
148 	 1.2947 	 500 	 431
149 	 1.3027 	 500 	 433
151 	 1.3160 	 500 	 438
153 	 1.3293 	 500 	 444
155 	 1.3480 	 500 	 449
156 	 1.3507 	 500 	 452
158 	 1.3640 	 500 	 457
159 	 1.3667 	 500 	 460
160 	 1.3747 	 500 	 462
161 	 1.3827 	 500 	 465
163 	 1.3960 	 500 	 470
165 	 1.4093 	 500 	 476
167 	 1.4227 	 500 	 481
168 	 1.4253 	 500 	 484
169 	 1.4333 	 500 	 486
171 	 1.4467 	 500 	 492
172 	 1.4547 	 500 	 494
173 	 1.4627 	 500 	 497
175 	 1.4760 	 500 	 502
177 	 1.4893 	 500 	 508
179 	 1.5027 	 500 	 513
180 	 1.5107 	 500 	 516
181 	 1.5187 	 500 	 518
183 	 1.5267 	 500 	 524
184 	 1.5347 	 500 	 526
185 	 1.5427 	 500 	 529
187 	 1.5560 	 500 	 534
189 	 1.5693 	 500 	 540
191 	 1.5827 	 500 	 545
193 	 1.5960 	 500 	 550
194 	 1.6040 	 500 	 553
195 	 1.6067 	 500 	 556
196 	 1.6147 	 500 	 558
197 	 1.6227 	 500 	 561
199 	 1.6360 	 500 	 566
1 	 1.6493 	 500 	 572
3 	 1.6627 	 500 	 577
5 	 1.6760 	 500 	 582
7 	 1.6893 	 500 	 588
8 	 1.6973 	 500 	 590
9 	 1.7053 	 500 	 593
11 	 1.7187 	 500 	 598
13 	 1.7320 	 500 	 604
15 	 1.7453 	 500 	 609
17 	 1.7587 	 500 	 614
19 	 1.7720 	 500 	 620
22 	 1.7960 	 500 	 628
24 	 1.8093 	 500 	 633
25 	 1.8120 	 500 	 636
26 	 1.8200 	 500 	 638
28 	 1.8333 	 500 	 644
30 	 1.8467 	 500 	 649
31 	 1.8493 	 500 	 652
32 	 1.8573 	 500 	 654
35 	 1.8760 	 500 	 662
37 	 1.8893 	 500 	 668
38 	 1.8973 	 500 	 670
39 	 1.9053 	 500 	 673
40 	 1.9080 	 500 	 676
41 	 1.9160 	 500 	 678
43 	 1.9240 	 500 	 684
47 	 1.9587 	 500 	 694
49 	 1.9720 	 500 	 700
52 	 1.9960 	 500 	 708
53 	 2.0040 	 500 	 710
55 	 2.0173 	 500 	 716
57 	 2.0307 	 500 	 721
58 	 2.0333 	 500 	 724
60 	 2.0467 	 500 	 729
61 	 2.0493 	 500 	 732
62 	 2.0573 	 500 	 734
65 	 2.0760 	 500 	 742
67 	 2.0893 	 500 	 748
71 	 2.1187 	 500 	 758
73 	 2.1320 	 500 	 764
77 	 2.1667 	 500 	 774
79 	 2.1800 	 500 	 780
81 	 2.1933 	 500 	 785
82 	 2.1960 	 500 	 788
84 	 2.2093 	 500 	 793
85 	 2.2120 	 500 	 796
86 	 2.2200 	 500 	 798
89 	 2.2387 	 500 	 806
91 	 2.2467 	 500 	 812
92 	 2.2547 	 500 	 814
93 	 2.2627 	 500 	 817
94 	 2.2653 	 500 	 820
95 	 2.2733 	 500 	 822
97 	 2.2867 	 500 	 828
98 	 2.2947 	 500 	 830
99 	 2.3027 	 500 	 833
100 	 2.3053 	 500 	 836
102 	 2.3187 	 500 	 841
103 	 2.3213 	 500 	 844
104 	 2.3293 	 500 	 846
105 	 2.3373 	 500 	 849
106 	 2.3453 	 500 	 852
107 	 2.3533 	 500 	 854
109 	 2.3613 	 500 	 860
110 	 2.3693 	 500 	 862
111 	 2.3773 	 500 	 865
112 	 2.3853 	 500 	 868
114 	 2.3987 	 500 	 873
115 	 2.4067 	 500 	 876
118 	 2.4307 	 500 	 884
119 	 2.4387 	 500 	 886
121 	 2.4520 	 500 	 892
124 	 2.4760 	 500 	 900
126 	 2.4893 	 500 	 905
127 	 2.4920 	 500 	 908
128 	 2.5000 	 500 	 910
131 	 2.5187 	 500 	 919
132 	 2.5267 	 500 	 921
133 	 2.5293 	 500 	 924
134 	 2.5373 	 500 	 927
137 	 2.5560 	 500 	 935
139 	 2.5693 	 500 	 940
140 	 2.5773 	 500 	 943
141 	 2.5853 	 500 	 945
142 	 2.5880 	 500 	 948
144 	 2.6013 	 500 	 953
145 	 2.6040 	 500 	 956
149 	 2.6387 	 500 	 967
151 	 2.6520 	 500 	 972
154 	 2.6760 	 500 	 980
155 	 2.6840 	 500 	 983
157 	 2.6973 	 500 	 988
159 	 2.7107 	 500 	 993
160 	 2.7133 	 500 	 996
164 	 2.7427 	 500 	 1007
167 	 2.7613 	 500 	 1015
169 	 2.7747 	 500 	 1020
173 	 2.8093 	 500 	 1031
179 	 2.8493 	 500 	 1047
181 	 2.8627 	 500 	 1052
184 	 2.8813 	 500 	 1060
187 	 2.9000 	 500 	 1068
190 	 2.9187 	 500 	 1076
193 	 2.9373 	 500 	 1084
197 	 2.9667 	 500 	 1095
199 	 2.9800 	 500 	 1100
1 	 2.9933 	 500 	 1105
2 	 2.9960 	 500 	 1108
9 	 3.0467 	 500 	 1127
11 	 3.0600 	 500 	 1132
13 	 3.0733 	 500 	 1137
14 	 3.0760 	 500 	 1140
15 	 3.0840 	 500 	 1143
17 	 3.0973 	 500 	 1148
21 	 3.1213 	 500 	 1159
23 	 3.1347 	 500 	 1164
25 	 3.1480 	 500 	 1169
26 	 3.1507 	 500 	 1172
27 	 3.1587 	 500 	 1175
29 	 3.1720 	 500 	 1180
33 	 3.2013 	 500 	 1191
35 	 3.2147 	 500 	 1196
38 	 3.2333 	 500 	 1204
42 	 3.2680 	 500 	 1215
45 	 3.2867 	 500 	 1223
47 	 3.3000 	 500 	 1228
50 	 3.3187 	 500 	 1236
51 	 3.3267 	 500 	 1239
56 	 3.3560 	 500 	 1252
57 	 3.3640 	 500 	 1255
59 	 3.3773 	 500 	 1260
61 	 3.3907 	 500 	 1265
62 	 3.3933 	 500 	 1268
65 	 3.4173 	 500 	 1276
69 	 3.4413 	 500 	 1287
71 	 3.4547 	 500 	 1292
75 	 3.4893 	 500 	 1303
81 	 3.5293 	 500 	 1319
83 	 3.5427 	 500 	 1324
86 	 3.5613 	 500 	 1332
89 	 3.5800 	 500 	 1340
92 	 3.5987 	 500 	 1348
95 	 3.6173 	 500 	 1356
99 	 3.6467 	 500 	 1367
101 	 3.6600 	 500 	 1372
103 	 3.6733 	 500 	 1377
104 	 3.6760 	 500 	 1380
111 	 3.7267 	 500 	 1399
113 	 3.7400 	 500 	 1404
115 	 3.7533 	 500 	 1409
116 	 3.7560 	 500 	 1412
117 	 3.7640 	 500 	 1415
119 	 3.7773 	 500 	 1420
123 	 3.8013 	 500 	 1431
125 	 3.8147 	 500 	 1436
127 	 3.8280 	 500 	 1441
128 	 3.8307 	 500 	 1444
129 	 3.8387 	 500 	 1447
131 	 3.8520 	 500 	 1452
135 	 3.8813 	 500 	 1463
137 	 3.8947 	 500 	 1468
140 	 3.9133 	 500 	 1476
144 	 3.9480 	 500 	 1487
147 	 3.9667 	 500 	 1495
149 	 3.9800 	 500 	 1500
152 	 3.9987 	 500 	 1508
153 	 4.0067 	 500 	 1511
158 	 4.0360 	 500 	 1524
159 	 4.0440 	 500 	 1527
161 	 4.0573 	 500 	 1532
163 	 4.0707 	 500 	 1537
164 	 4.0733 	 500 	 1540
167 	 4.0973 	 500 	 1548
171 	 4.1213 	 500 	 1559
173 	 4.1347 	 500 	 1564
177 	 4.1693 	 500 	 1575
183 	 4.2093 	 500 	 1591
185 	 4.2227 	 500 	 1596
188 	 4.2413 	 500 	 1604
191 	 4.2600 	 500 	 1612
194 	 4.2787 	 500 	 1620
197 	 4.2973 	 500 	 1628
1 	 4.3267 	 500 	 1639
3 	 4.3400 	 500 	 1644
5 	 4.3533 	 500 	 1649
6 	 4.3560 	 500 	 1652
13 	 4.4067 	 500 	 1671
15 	 4.4200 	 500 	 1676
