time latency
0.0 43
0.1 43
0.1 43
0.1 43
0.1 43
0.1 43
0.1 43
0.1 43
0.1 43
0.1 43
0.1 43
0.1 43
0.1 43
0.1 46
0.2 48
0.2 51
0.2 54
0.2 56
0.2 59
0.2 62
0.2 64
0.2 67
0.2 70
0.3 72
0.3 75
0.3 80
0.3 86
0.3 91
0.3 96
0.3 104
0.3 110
0.4 115
0.4 120
0.4 126
0.4 126
0.4 123
0.4 123
0.4 126
0.4 128
0.4 128
0.5 126
0.5 126
0.5 128
0.5 131
0.5 134
0.5 136
0.5 134
0.5 134
0.5 136
0.5 134
0.6 126
0.6 120
0.6 120
0.6 120
0.7 123
0.7 123
0.7 123
0.7 123
0.7 120
0.8 115
0.8 115
0.8 118
0.8 120
0.8 120
0.8 123
0.9 126
0.9 126
0.9 126
0.9 128
0.9 126
0.9 126
0.9 128
0.9 126
0.9 126
1.0 128
1.0 131
1.0 131
1.0 128
1.0 128
1.0 131
1.0 128
1.0 128
1.0 131
1.0 128
1.1 126
1.1 126
1.1 128
1.1 131
1.1 131
1.1 128
1.1 128
1.1 131
1.1 134
1.1 134
1.1 131
1.1 131
1.2 134
1.2 131
1.2 128
1.2 128
1.2 131
1.2 126
1.3 120
1.3 123
1.3 123
1.3 126
1.4 120
1.4 120
1.4 118
1.5 120
1.5 120
1.6 120
1.6 120
1.6 120
1.7 120
1.7 120
1.7 123
1.7 123
1.8 123
1.8 123
1.8 126
1.8 123
1.8 123
1.9 120
1.9 120
1.9 120
1.9 120
1.9 120
1.9 120
1.9 123
2.0 123
2.0 123
2.0 126
2.0 128
2.0 128
2.1 120
2.1 120
2.1 120
2.1 120
2.1 123
2.1 126
2.1 128
2.2 131
2.2 131
2.2 131
2.2 123
2.2 123
2.3 118
2.3 118
2.3 118
2.3 118
2.4 118
2.4 118
2.4 120
2.5 123
2.5 123
2.5 126
2.5 123
2.5 120
2.5 120
2.6 120
2.6 120
2.6 120
2.6 120
2.6 123
2.7 123
2.7 123
2.7 126
2.7 128
2.7 128
2.7 126
2.7 128
2.7 126
2.8 126
2.8 128
2.8 128
2.8 126
2.8 126
2.8 128
2.8 131
2.8 134
2.8 131
2.8 134
2.8 136
2.9 134
2.9 134
2.9 136
2.9 134
2.9 131
2.9 131
2.9 134
2.9 131
2.9 128
2.9 128
3.0 131
3.0 134
3.0 131
3.0 131
3.0 128
3.0 128
3.0 131
3.0 128
3.0 131
3.0 134
3.1 131
3.1 131
3.1 128
3.1 131
3.1 128
3.1 128
3.1 126
3.1 128
3.1 126
3.1 126
3.1 123
3.2 126
3.2 123
3.2 123
3.2 126
3.2 128
3.2 126
3.2 126
3.2 128
3.2 128
3.3 131
3.3 134
3.3 131
3.3 131
3.3 134
3.3 131
3.3 131
3.3 134
3.3 131
3.3 128
3.4 131
3.4 131
3.4 128
3.4 128
3.4 126
3.4 126
3.4 128
3.4 128
3.4 126
3.4 128
3.4 128
3.5 126
3.5 126
3.5 128
3.5 131
3.5 134
3.5 131
3.5 134
3.5 136
3.5 134
3.5 134
3.6 136
3.6 134
3.6 131
3.6 131
3.6 134
3.6 131
3.6 128
3.6 128
3.6 131
3.6 134
3.7 131
3.7 131
3.7 128
3.7 128
3.7 131
3.7 128
3.7 131
3.7 134
3.7 131
3.7 131
3.8 128
3.8 131
3.8 128
3.8 128
3.8 126
3.8 128
3.8 126
3.8 126
3.8 123
3.8 126
3.9 123
3.9 123
3.9 126
3.9 128
3.9 126
3.9 126
3.9 128
3.9 128
3.9 131
3.9 134
3.9 131
4.0 131
4.0 134
4.0 131
4.0 131
4.0 134
4.0 131
4.0 128
4.0 131
4.0 131
4.1 128
4.1 128
4.1 126
4.1 126
4.1 128
4.1 128
4.1 126
4.1 128
4.1 128
4.1 126
4.1 126
4.2 128
4.2 131
4.2 134
4.2 131
4.2 134
4.2 136
4.2 134
4.2 134
4.2 136
4.3 134
4.3 131
4.3 131
4.3 134
4.3 131
4.3 128
4.3 128
4.3 131
4.3 134
4.3 131
4.3 131
4.4 128
4.4 128
4.4 131
4.4 128
4.4 131
4.4 134
4.4 131
4.4 131
4.4 128
4.4 131
4.5 134
4.5 136
4.5 139
4.5 136
4.5 139
4.5 136
4.5 139
4.5 142
4.5 139
4.5 142
4.5 144
4.5 142
4.6 139
4.6 136
4.6 134
4.6 131
4.6 128
4.6 126
4.6 123
4.6 120
4.6 118
4.6 115
4.6 112
0.1 44
0.2 47
0.2 50
0.2 52
0.2 55
0.2 58
0.2 60
0.2 63
0.2 66
0.2 68
0.3 71
0.3 74
0.3 76
0.3 82
0.3 90
0.3 95
0.3 100
0.3 106
0.4 111
0.4 119
0.4 124
0.4 122
0.4 124
0.4 127
0.5 127
0.5 130
0.5 132
0.5 135
0.5 135
0.5 132
0.6 132
0.6 127
0.6 124
0.6 122
0.6 119
0.6 119
0.6 122
0.6 122
0.6 122
0.6 122
0.7 122
0.7 124
0.7 122
0.7 122
0.7 124
0.7 124
0.7 122
0.7 122
0.7 124
0.8 119
0.8 116
0.8 116
0.8 116
0.8 119
0.8 122
0.8 124
0.8 124
0.8 124
0.9 127
0.9 127
0.9 127
0.9 124
0.9 124
0.9 127
1.0 130
1.0 130
1.0 127
1.0 127
1.0 130
1.0 127
1.1 127
1.1 130
1.1 130
1.1 132
1.2 132
1.2 130
1.2 130
1.2 132
1.2 130
1.2 130
1.2 130
1.2 124
1.2 122
1.3 122
1.3 124
1.3 122
1.3 122
1.3 122
1.3 122
1.3 122
1.3 119
1.3 124
1.3 124
1.3 127
1.4 122
1.4 119
1.4 122
1.4 122
1.4 122
1.4 119
1.4 119
1.4 122
1.4 116
1.4 116
1.5 122
1.5 122
1.5 122
1.5 119
1.5 119
1.5 122
1.5 122
1.5 122
1.5 122
1.5 122
1.5 122
1.6 122
1.6 119
1.6 119
1.6 122
1.6 122
1.6 119
1.6 119
1.6 122
1.6 122
1.6 122
1.6 119
1.6 119
1.7 122
1.7 122
1.7 119
1.7 119
1.7 124
1.7 124
1.7 124
1.7 122
1.7 122
1.7 124
1.8 124
1.8 122
1.8 122
1.8 124
1.8 127
1.8 127
1.8 124
1.8 124
1.8 124
1.8 122
1.9 122
1.9 119
1.9 119
1.9 119
1.9 119
1.9 119
1.9 122
2.0 124
2.0 122
2.0 122
2.0 124
2.0 127
2.0 127
2.0 127
2.0 130
2.0 124
2.0 122
2.1 122
2.1 119
2.1 119
2.1 122
2.1 124
2.1 122
2.1 127
2.1 127
2.1 130
2.2 132
2.2 130
2.2 130
2.2 132
2.2 127
2.2 124
2.2 124
2.2 122
2.2 122
2.3 122
2.3 116
2.3 116
2.3 116
2.3 114
2.3 116
2.3 116
2.3 116
2.4 116
2.4 116
2.4 116
2.4 116
2.4 116
2.4 116
2.4 114
2.4 119
2.4 122
2.4 122
2.4 122
2.5 124
2.5 127
2.5 127
2.5 124
2.5 127
2.5 124
2.5 122
2.5 122
2.5 122
2.6 119
2.6 119
2.6 119
2.6 116
2.6 119
2.6 122
2.6 124
2.6 122
2.6 122
2.7 124
2.7 127
2.7 127
2.7 127
2.7 130
2.7 124
2.7 127
2.8 127
2.8 127
2.8 130
2.8 132
2.8 132
2.8 132
2.8 135
2.9 132
2.9 135
2.9 132
2.9 132
2.9 130
3.0 130
3.0 132
3.0 130
3.0 127
3.0 130
3.0 130
3.0 132
3.1 130
3.1 127
3.1 127
3.1 124
3.2 122
3.2 124
3.2 127
3.2 124
3.2 127
3.2 130
3.3 132
3.3 132
3.3 130
3.3 132
3.3 130
3.3 130
3.4 130
3.4 127
3.4 124
3.4 127
3.4 127
3.5 127
3.5 130
3.5 132
3.5 132
3.5 132
3.5 135
3.5 132
3.6 135
3.6 132
3.6 132
3.6 130
3.6 130
3.6 132
3.7 130
3.7 127
3.7 130
3.7 130
3.7 132
3.7 130
3.8 127
3.8 127
3.8 124
3.8 122
3.9 124
3.9 127
3.9 124
3.9 127
3.9 130
3.9 132
4.0 132
4.0 130
4.0 132
4.0 130
4.0 130
4.0 130
4.1 127
4.1 124
4.1 127
4.1 127
4.1 127
4.2 130
4.2 132
4.2 132
4.2 132
4.2 135
4.2 132
4.2 135
4.2 132
4.3 132
4.3 130
4.3 130
4.3 132
4.3 130
4.4 127
4.4 130
4.4 130
4.4 132
4.4 130
4.4 130
4.4 132
4.5 135
4.5 138
4.5 138
4.5 138
4.5 140
4.5 140
4.5 143
0.3 73
0.3 80
0.3 81
0.3 88
0.3 94
0.3 96
0.3 102
0.4 109
0.4 110
0.4 117
0.4 117
0.4 118
0.4 118
0.4 121
0.5 121
0.5 130
0.5 129
0.5 129
0.5 125
0.6 126
0.6 122
0.6 121
0.6 117
0.6 116
0.6 116
0.6 116
0.6 117
0.6 118
0.7 118
0.7 114
0.7 118
0.7 118
0.7 118
0.7 118
0.7 120
0.7 116
0.7 117
0.7 118
0.7 114
0.8 114
0.8 110
0.8 112
0.8 112
0.8 116
0.8 120
0.8 121
0.9 121
0.9 122
0.9 122
0.9 121
0.9 120
0.9 121
0.9 121
1.0 124
1.0 124
1.0 122
1.0 124
1.0 124
1.0 122
1.1 121
1.1 124
1.1 124
1.1 126
1.1 126
1.2 125
1.2 124
1.2 126
1.2 121
1.2 122
1.2 124
1.2 120
1.2 120
1.2 116
1.3 118
1.3 113
1.3 114
1.3 116
1.3 116
1.3 116
1.3 121
1.4 117
1.4 117
1.4 113
1.4 114
1.4 116
1.4 116
1.4 116
1.4 116
1.4 112
1.4 113
1.4 113
1.5 114
1.5 116
1.5 116
1.5 116
1.5 116
1.5 117
1.5 118
1.5 113
1.5 114
1.5 116
1.6 116
1.6 116
1.6 116
1.6 116
1.6 117
1.6 113
1.6 114
1.6 116
1.6 116
1.6 116
1.7 116
1.7 116
1.7 116
1.7 117
1.7 118
1.7 118
1.7 118
1.7 118
1.8 118
1.8 118
1.8 122
1.8 122
1.8 118
1.8 120
1.8 120
1.8 120
1.8 116
1.9 117
1.9 116
1.9 116
1.9 117
1.9 118
1.9 114
1.9 116
1.9 110
2.0 118
2.0 118
2.0 122
2.0 124
2.0 124
2.0 124
2.0 120
2.0 120
2.0 116
2.1 117
2.1 116
2.1 116
2.1 118
2.1 118
2.2 126
2.2 126
2.2 126
2.2 122
2.2 122
2.2 118
2.2 120
2.2 118
2.2 113
2.3 114
2.3 116
2.3 112
2.3 113
2.3 113
2.3 114
2.3 116
2.3 112
2.3 112
2.3 108
2.3 109
2.3 110
2.3 112
2.4 113
2.4 108
2.4 109
2.4 110
2.4 112
2.4 112
2.4 113
2.4 117
2.4 118
2.5 118
2.5 122
2.5 122
2.5 118
2.5 120
2.5 118
2.5 120
2.5 116
2.5 117
2.6 116
2.6 116
2.6 117
2.6 118
2.6 114
2.6 114
2.6 110
2.6 118
2.7 118
2.7 122
2.7 124
2.7 124
2.7 124
2.7 120
2.7 122
2.8 121
2.8 121
2.8 129
2.8 129
2.9 129
2.9 128
2.9 126
2.9 125
2.9 124
3.0 126
3.0 126
3.0 126
3.0 122
3.0 126
3.1 126
3.1 126
3.1 122
3.1 124
3.1 124
3.1 121
3.1 121
3.1 121
3.2 117
3.2 118
3.2 118
3.2 121
3.2 121
3.2 120
3.3 128
3.3 126
3.3 126
3.3 125
3.3 126
3.4 122
3.4 124
3.4 124
3.4 124
3.4 120
3.4 124
3.4 121
3.5 121
3.5 129
3.5 129
3.5 129
3.6 128
3.6 126
3.6 125
3.6 124
3.6 126
3.7 126
3.7 126
3.7 122
3.7 126
3.7 126
3.8 126
3.8 122
3.8 124
3.8 124
3.8 121
3.8 121
3.8 121
3.8 117
3.8 118
3.9 118
3.9 121
3.9 121
3.9 120
3.9 128
4.0 126
4.0 126
4.0 125
4.0 126
4.0 122
4.0 124
4.1 124
4.1 124
4.1 120
4.1 124
4.1 121
4.1 121
4.2 129
4.2 129
4.2 129
4.2 128
4.3 126
4.3 125
4.3 124
4.3 126
4.3 126
4.4 126
4.4 122
4.4 126
4.4 126
