32 	 0.2480 	 1000 	 58
33 	 0.2560 	 1000 	 61
41 	 0.3200 	 1000 	 87
46 	 0.3600 	 1000 	 103
50 	 0.3920 	 1000 	 115
52 	 0.4080 	 1000 	 122
55 	 0.4320 	 1000 	 131
56 	 0.4400 	 1000 	 135
59 	 0.4640 	 1000 	 144
60 	 0.4720 	 1000 	 147
61 	 0.4800 	 1000 	 151
64 	 0.5040 	 1000 	 160
65 	 0.5120 	 1000 	 163
66 	 0.5200 	 1000 	 167
69 	 0.5440 	 1000 	 176
70 	 0.5520 	 1000 	 179
71 	 0.5600 	 1000 	 183
74 	 0.5840 	 1000 	 192
75 	 0.5920 	 1000 	 195
76 	 0.6000 	 1000 	 199
86 	 0.6800 	 1000 	 230
91 	 0.7200 	 1000 	 246
121 	 0.9600 	 1000 	 342
130 	 1.0320 	 1000 	 371
141 	 1.1200 	 1000 	 406
145 	 1.1520 	 1000 	 419
147 	 1.1680 	 1000 	 426
150 	 1.1920 	 1000 	 435
151 	 1.2000 	 1000 	 439
154 	 1.2240 	 1000 	 448
155 	 1.2320 	 1000 	 451
156 	 1.2400 	 1000 	 455
159 	 1.2640 	 1000 	 464
160 	 1.2720 	 1000 	 467
161 	 1.2800 	 1000 	 471
164 	 1.3040 	 1000 	 480
165 	 1.3120 	 1000 	 483
166 	 1.3200 	 1000 	 487
169 	 1.3440 	 1000 	 496
170 	 1.3520 	 1000 	 499
171 	 1.3600 	 1000 	 503
174 	 1.3840 	 1000 	 512
175 	 1.3920 	 1000 	 515
176 	 1.4000 	 1000 	 519
179 	 1.4240 	 1000 	 528
180 	 1.4320 	 1000 	 531
181 	 1.4400 	 1000 	 535
184 	 1.4640 	 1000 	 544
185 	 1.4720 	 1000 	 547
186 	 1.4800 	 1000 	 551
189 	 1.5040 	 1000 	 560
190 	 1.5120 	 1000 	 563
191 	 1.5200 	 1000 	 567
194 	 1.5440 	 1000 	 576
195 	 1.5520 	 1000 	 579
196 	 1.5600 	 1000 	 583
199 	 1.5840 	 1000 	 592
0 	 1.5920 	 1000 	 595
1 	 1.6000 	 1000 	 599
4 	 1.6240 	 1000 	 608
5 	 1.6320 	 1000 	 611
6 	 1.6400 	 1000 	 615
9 	 1.6640 	 1000 	 624
10 	 1.6720 	 1000 	 627
11 	 1.6800 	 1000 	 631
14 	 1.7040 	 1000 	 640
15 	 1.7120 	 1000 	 643
16 	 1.7200 	 1000 	 647
19 	 1.7440 	 1000 	 656
20 	 1.7520 	 1000 	 659
21 	 1.7600 	 1000 	 663
24 	 1.7840 	 1000 	 672
25 	 1.7920 	 1000 	 675
26 	 1.8000 	 1000 	 679
29 	 1.8240 	 1000 	 688
30 	 1.8320 	 1000 	 691
31 	 1.8400 	 1000 	 695
34 	 1.8640 	 1000 	 704
35 	 1.8720 	 1000 	 707
36 	 1.8800 	 1000 	 711
39 	 1.9040 	 1000 	 720
40 	 1.9120 	 1000 	 723
41 	 1.9200 	 1000 	 727
44 	 1.9440 	 1000 	 736
45 	 1.9520 	 1000 	 739
46 	 1.9600 	 1000 	 743
49 	 1.9840 	 1000 	 752
50 	 1.9920 	 1000 	 755
51 	 2.0000 	 1000 	 759
54 	 2.0240 	 1000 	 768
55 	 2.0320 	 1000 	 771
56 	 2.0400 	 1000 	 775
59 	 2.0640 	 1000 	 784
60 	 2.0720 	 1000 	 787
61 	 2.0800 	 1000 	 791
64 	 2.1040 	 1000 	 800
65 	 2.1120 	 1000 	 803
66 	 2.1200 	 1000 	 807
69 	 2.1440 	 1000 	 816
70 	 2.1520 	 1000 	 819
71 	 2.1600 	 1000 	 823
74 	 2.1840 	 1000 	 832
75 	 2.1920 	 1000 	 835
76 	 2.2000 	 1000 	 839
79 	 2.2240 	 1000 	 848
80 	 2.2320 	 1000 	 851
81 	 2.2400 	 1000 	 855
84 	 2.2640 	 1000 	 864
85 	 2.2720 	 1000 	 867
86 	 2.2800 	 1000 	 871
89 	 2.3040 	 1000 	 880
90 	 2.3120 	 1000 	 883
91 	 2.3200 	 1000 	 887
94 	 2.3440 	 1000 	 896
95 	 2.3520 	 1000 	 899
96 	 2.3600 	 1000 	 903
99 	 2.3840 	 1000 	 912
100 	 2.3920 	 1000 	 915
101 	 2.4000 	 1000 	 918
104 	 2.4240 	 1000 	 928
105 	 2.4320 	 1000 	 931
106 	 2.4400 	 1000 	 934
109 	 2.4640 	 1000 	 944
110 	 2.4720 	 1000 	 947
111 	 2.4800 	 1000 	 950
121 	 2.5600 	 1000 	 982
124 	 2.5840 	 1000 	 992
134 	 2.6640 	 1000 	 1024
139 	 2.7040 	 1000 	 1040
144 	 2.7440 	 1000 	 1056
154 	 2.8240 	 1000 	 1088
164 	 2.9040 	 1000 	 1120
174 	 2.9840 	 1000 	 1152
179 	 3.0240 	 1000 	 1168
189 	 3.1040 	 1000 	 1200
194 	 3.1440 	 1000 	 1216
199 	 3.1840 	 1000 	 1232
4 	 3.2240 	 1000 	 1248
9 	 3.2640 	 1000 	 1264
14 	 3.3040 	 1000 	 1280
24 	 3.3840 	 1000 	 1312
29 	 3.4240 	 1000 	 1328
34 	 3.4640 	 1000 	 1344
44 	 3.5440 	 1000 	 1376
49 	 3.5840 	 1000 	 1392
54 	 3.6240 	 1000 	 1408
59 	 3.6640 	 1000 	 1424
64 	 3.7040 	 1000 	 1440
69 	 3.7440 	 1000 	 1456
74 	 3.7840 	 1000 	 1472
79 	 3.8240 	 1000 	 1488
84 	 3.8640 	 1000 	 1504
89 	 3.9040 	 1000 	 1520
94 	 3.9440 	 1000 	 1536
99 	 3.9840 	 1000 	 1552
104 	 4.0240 	 1000 	 1568
109 	 4.0640 	 1000 	 1584
114 	 4.1040 	 1000 	 1600
119 	 4.1440 	 1000 	 1616
124 	 4.1840 	 1000 	 1632
129 	 4.2240 	 1000 	 1648
134 	 4.2640 	 1000 	 1664
150 	 4.3920 	 1000 	 1701
152 	 4.4080 	 1000 	 1704
154 	 4.4240 	 1000 	 1706
