1	0.27431937555709524	1
2	0.2761579231779891	1
3	0.27799647079888296	1
4	0.2798350184197768	1
5	0.2816735660406707	1
6	0.2835121136615645	1
7	0.28535066128245834	1
8	0.2871892089033522	1
9	0.28902775652424606	1
10	0.2908663041451399	1
11	0.2927048517660338	1
12	0.29454339938692764	1
13	0.2963819470078215	1
14	0.29822049462871536	1
15	0.3000590422496092	1
16	0.3018975898705031	1
17	0.30373613749139694	1
18	0.3055746851122908	1
19	0.3074132327331846	1
20	0.30925178035407846	1
21	0.3110903279749723	1
22	0.3129288755958662	1
23	0.31476742321676004	1
24	0.3166059708376539	1
25	0.31844451845854777	1
26	0.3202830660794416	2
27	0.3221216137003355	2
28	0.32396016132122935	2
29	0.32579870894212315	2
30	0.327637256563017	2
31	0.32947580418391087	2
32	0.33131435180480473	2
33	0.3331528994256986	2
34	0.33499144704659245	2
35	0.3368299946674863	2
36	0.33866854228838017	2
37	0.34050708990927403	2
38	0.3423456375301679	2
39	0.34418418515106175	2
40	0.3460227327719556	2
41	0.34786128039284947	3
42	0.34969982801374333	3
43	0.35153837563463713	3
44	0.353376923255531	3
45	0.35521547087642485	3
46	0.3570540184973187	3
47	0.3588925661182126	3
48	0.36073111373910643	3
49	0.3625696613600003	3
50	0.36440820898089415	3
51	0.36624675660178796	3
52	0.3680853042226818	3
53	0.3699238518435757	3
54	0.37176239946446954	3
55	0.3736009470853634	3
56	0.37543949470625726	3
57	0.3772780423271511	3
58	0.379116589948045	3
59	0.38095513756893884	3
60	0.3827936851898327	3
61	0.38463223281072656	5
62	0.3864707804316204	5
63	0.3883093280525143	5
64	0.39014787567340814	5
65	0.391986423294302	5
66	0.3938249709151958	5
67	0.39566351853608966	5
68	0.3975020661569835	5
69	0.3993406137778774	5
70	0.40117916139877124	5
71	0.4030177090196651	5
72	0.40485625664055896	5
73	0.40669480426145277	6
74	0.40853335188234663	6
75	0.4103718995032405	6
76	0.41221044712413435	6
77	0.4140489947450282	7
78	0.41588754236592207	7
79	0.41772608998681593	7
80	0.4195646376077098	7
81	0.42140318522860365	7
82	0.4232417328494975	7
83	0.42508028047039137	7
84	0.42691882809128523	7
85	0.4287573757121791	7
86	0.43059592333307295	7
87	0.4324344709539668	7
88	0.43427301857486067	7
89	0.43611156619575453	7
90	0.4379501138166484	7
91	0.4397886614375422	7
92	0.44162720905843605	7
93	0.4434657566793299	7
94	0.4453043043002238	7
95	0.44714285192111763	7
96	0.4489813995420115	7
97	0.4508199471629053	7
98	0.45265849478379916	7
99	0.454497042404693	7
100	0.4563355900255869	7
101	0.45817413764648074	7
102	0.4600126852673746	7
103	0.46185123288826846	8
104	0.4636897805091623	8
105	0.4655283281300562	8
106	0.46736687575095004	8
107	0.4692054233718439	8
108	0.47104397099273776	8
109	0.4728825186136316	8
110	0.4747210662345255	8
111	0.47655961385541934	9
112	0.4783981614763132	9
113	0.48023670909720706	9
114	0.48207525671810086	9
115	0.4839138043389947	9
116	0.4857523519598886	9
117	0.48759089958078244	9
118	0.4894294472016763	9
119	0.49126799482257016	9
120	0.49310654244346397	9
121	0.49494509006435783	9
122	0.4967836376852517	9
123	0.49862218530614555	10
124	0.5004607329270394	10
125	0.5022992805479333	10
126	0.5041378281688271	10
127	0.505976375789721	10
128	0.5078149234106148	10
129	0.5096534710315087	10
130	0.5114920186524026	10
131	0.5133305662732964	11
132	0.5151691138941903	12
133	0.5170076615150841	13
134	0.518846209135978	13
135	0.5206847567568719	13
136	0.5225233043777657	13
137	0.5243618519986595	13
138	0.5262003996195534	13
139	0.5280389472404472	13
140	0.5298774948613412	13
141	0.5317160424822349	13
142	0.5335545901031289	13
143	0.5353931377240226	14
144	0.5372316853449166	15
145	0.5390702329658104	15
146	0.5409087805867042	15
147	0.5427473282075981	16
148	0.5445858758284919	17
149	0.5464244234493858	18
150	0.5482629710702797	19
151	0.5501015186911735	19
152	0.5519400663120674	19
153	0.5537786139329612	19
154	0.5556171615538551	19
155	0.557455709174749	21
156	0.5592942567956428	21
157	0.5611328044165367	22
158	0.5629713520374304	24
159	0.5648098996583244	24
160	0.5666484472792181	24
161	0.5684869949001121	24
162	0.5703255425210059	25
163	0.5721640901418998	25
164	0.5740026377627936	26
165	0.5758411853836876	26
166	0.5776797330045813	27
167	0.5795182806254753	29
168	0.581356828246369	29
169	0.5831953758672629	30
170	0.5850339234881567	30
171	0.5868724711090506	30
172	0.5887110187299445	33
173	0.5905495663508383	33
174	0.5923881139717322	36
175	0.594226661592626	37
176	0.5960652092135199	37
177	0.5979037568344138	41
178	0.5997423044553076	43
179	0.6015808520762015	47
180	0.6034193996970953	49
181	0.6052579473179891	50
182	0.6070964949388831	50
183	0.6089350425597768	51
184	0.6107735901806708	51
185	0.6126121378015645	51
186	0.6144506854224585	53
187	0.6162892330433523	53
188	0.6181277806642462	53
189	0.61996632828514	53
190	0.621804875906034	54
191	0.6236434235269277	56
192	0.6254819711478217	56
193	0.6273205187687154	59
194	0.6291590663896093	61
195	0.6309976140105031	64
196	0.632836161631397	66
197	0.6346747092522909	68
198	0.6365132568731847	69
199	0.6383518044940786	71
200	0.6401903521149724	72
201	0.6420288997358663	72
202	0.6438674473567602	74
203	0.645705994977654	76
204	0.6475445425985478	76
205	0.6493830902194417	80
206	0.6512216378403355	82
207	0.6530601854612295	82
208	0.6548987330821232	83
209	0.6567372807030172	85
210	0.6585758283239109	87
211	0.6604143759448049	90
212	0.6622529235656986	93
213	0.6640914711865926	97
214	0.6659300188074864	104
215	0.6677685664283803	108
216	0.6696071140492741	110
217	0.671445661670168	114
218	0.6732842092910618	117
219	0.6751227569119557	122
220	0.6769613045328495	128
221	0.6787998521537434	129
222	0.6806383997746372	131
223	0.6824769473955311	137
224	0.684315495016425	139
225	0.6861540426373188	141
226	0.6879925902582127	143
227	0.6898311378791064	149
228	0.6916696855000004	153
229	0.6935082331208942	162
230	0.6953467807417881	168
231	0.6971853283626819	171
232	0.6990238759835758	175
233	0.7008624236044696	178
234	0.7027009712253636	190
235	0.7045395188462573	192
236	0.7063780664671513	198
237	0.708216614088045	207
238	0.710055161708939	212
239	0.7118937093298328	220
240	0.7137322569507266	225
241	0.7155708045716205	227
242	0.7174093521925143	234
243	0.7192478998134082	237
244	0.7210864474343021	244
245	0.7229249950551959	251
246	0.7247635426760898	255
247	0.7266020902969836	258
248	0.7284406379178775	263
249	0.7302791855387714	271
250	0.7321177331596652	278
251	0.7339562807805591	282
252	0.7357948284014528	290
253	0.7376333760223468	300
254	0.7394719236432405	308
255	0.7413104712641345	317
256	0.7431490188850283	321
257	0.7449875665059222	324
258	0.746826114126816	327
259	0.74866466174771	334
260	0.7505032093686037	340
261	0.7523417569894977	345
262	0.7541803046103914	353
263	0.7560188522312853	361
264	0.7578573998521791	364
265	0.759695947473073	370
266	0.7615344950939669	375
267	0.7633730427148607	384
268	0.7652115903357546	396
269	0.7670501379566484	404
270	0.7688886855775423	413
271	0.7707272331984362	417
272	0.77256578081933	430
273	0.7744043284402238	434
274	0.7762428760611177	441
275	0.7780814236820115	447
276	0.7799199713029055	454
277	0.7817585189237992	462
278	0.7835970665446932	467
279	0.7854356141655869	473
280	0.7872741617864809	479
281	0.7891127094073747	489
282	0.7909512570282686	495
283	0.7927898046491624	500
284	0.7946283522700563	505
285	0.7964668998909501	516
286	0.7983054475118441	524
287	0.8001439951327378	535
288	0.8019825427536318	540
289	0.8038210903745255	550
290	0.8056596379954195	558
291	0.8074981856163133	565
292	0.809336733237207	572
293	0.811175280858101	589
294	0.8130138284789947	596
295	0.8148523760998887	598
296	0.8166909237207824	601
297	0.8185294713416764	610
298	0.8203680189625702	624
299	0.8222065665834641	630
300	0.8240451142043579	636
301	0.8258836618252519	645
302	0.8277222094461456	655
303	0.8295607570670396	662
304	0.8313993046879333	674
305	0.8332378523088273	680
306	0.835076399929721	688
307	0.836914947550615	695
308	0.8387534951715088	700
309	0.8405920427924027	711
310	0.8424305904132965	720
311	0.8442691380341905	731
312	0.8461076856550842	740
313	0.8479462332759782	754
314	0.8497847808968719	760
315	0.8516233285177657	768
316	0.8534618761386596	771
317	0.8553004237595534	784
318	0.8571389713804474	793
319	0.8589775190013411	801
320	0.8608160666222351	805
321	0.8626546142431288	816
322	0.8644931618640228	824
323	0.8663317094849166	831
324	0.8681702571058105	845
325	0.8700088047267043	854
326	0.8718473523475982	858
327	0.873685899968492	863
328	0.875524447589386	868
329	0.8773629952102797	880
330	0.8792015428311737	885
331	0.8810400904520674	891
332	0.8828786380729614	901
333	0.8847171856938552	910
334	0.8865557333147491	916
335	0.8883942809356429	924
336	0.8902328285565368	930
337	0.8920713761774306	936
338	0.8939099237983243	940
339	0.8957484714192183	943
340	0.8975870190401121	950
341	0.899425566661006	955
342	0.9012641142818998	957
343	0.9031026619027938	961
344	0.9049412095236875	967
345	0.9067797571445815	971
346	0.9086183047654752	975
347	0.9104568523863692	981
348	0.912295400007263	985
349	0.9141339476281569	988
350	0.9159724952490507	998
351	0.9178110428699446	1003
352	0.9196495904908384	1007
353	0.9214881381117324	1014
354	0.9233266857326261	1020
355	0.9251652333535201	1029
356	0.9270037809744138	1035
357	0.9288423285953078	1042
358	0.9306808762162015	1049
359	0.9325194238370955	1053
360	0.9343579714579893	1061
361	0.936196519078883	1064
362	0.938035066699777	1072
363	0.9398736143206707	1077
364	0.9417121619415647	1080
365	0.9435507095624585	1088
366	0.9453892571833524	1092
367	0.9472278048042462	1097
368	0.9490663524251401	1102
369	0.9509049000460339	1107
370	0.9527434476669279	1112
371	0.9545819952878216	1114
372	0.9564205429087156	1117
373	0.9582590905296093	1122
374	0.9600976381505033	1131
375	0.9619361857713971	1141
376	0.963774733392291	1145
377	0.9656132810131848	1150
378	0.9674518286340787	1160
379	0.9692903762549725	1163
380	0.9711289238758665	1168
381	0.9729674714967602	1172
382	0.9748060191176542	1175
383	0.9766445667385479	1181
384	0.9784831143594419	1188
385	0.9803216619803357	1189
386	0.9821602096012294	1192
387	0.9839987572221234	1198
388	0.9858373048430171	1202
389	0.9876758524639111	1208
390	0.9895144000848048	1212
391	0.9913529477056988	1216
392	0.9931914953265926	1218
393	0.9950300429474865	1219
394	0.9968685905683803	1221
395	0.9987071381892743	1222
396	1.000545685810168	1224
397	1.002384233431062	1228
398	1.0042227810519557	1231
399	1.0060613286728497	1233
400	1.0078998762937434	1236
401	1.0097384239146374	1240
402	1.0115769715355312	1242
403	1.0134155191564251	1245
404	1.0152540667773189	1245
405	1.0170926143982129	1247
406	1.0189311620191066	1248
407	1.0207697096400006	1252
408	1.0226082572608943	1256
409	1.024446804881788	1258
410	1.026285352502682	1260
411	1.0281239001235758	1263
412	1.0299624477444698	1264
413	1.0318009953653635	1270
414	1.0336395429862575	1275
415	1.0354780906071512	1276
416	1.0373166382280452	1277
417	1.039155185848939	1279
418	1.040993733469833	1284
419	1.0428322810907267	1286
420	1.0446708287116206	1287
421	1.0465093763325144	1291
422	1.0483479239534084	1293
423	1.0501864715743021	1297
424	1.052025019195196	1298
425	1.0538635668160898	1300
426	1.0557021144369838	1301
427	1.0575406620578776	1304
428	1.0593792096787715	1306
429	1.0612177572996653	1307
430	1.0630563049205592	1308
431	1.064894852541453	1309
432	1.0667334001623467	1312
433	1.0685719477832407	1313
434	1.0704104954041345	1315
435	1.0722490430250284	1317
436	1.0740875906459222	1320
437	1.0759261382668162	1322
438	1.07776468588771	1324
439	1.0796032335086039	1325
440	1.0814417811294976	1327
441	1.0832803287503916	1330
442	1.0851188763712853	1331
443	1.0869574239921793	1333
444	1.088795971613073	1334
445	1.090634519233967	1335
446	1.0924730668548608	1337
447	1.0943116144757548	1337
448	1.0961501620966485	1342
449	1.0979887097175425	1345
450	1.0998272573384362	1348
451	1.1016658049593302	1349
452	1.103504352580224	1352
453	1.105342900201118	1353
454	1.1071814478220117	1356
455	1.1090199954429054	1358
456	1.1108585430637994	1358
457	1.1126970906846931	1360
458	1.114535638305587	1360
459	1.1163741859264809	1361
460	1.1182127335473748	1361
461	1.1200512811682686	1365
462	1.1218898287891625	1366
463	1.1237283764100563	1367
464	1.1255669240309503	1367
465	1.127405471651844	1371
466	1.129244019272738	1371
467	1.1310825668936317	1372
468	1.1329211145145257	1373
469	1.1347596621354195	1373
470	1.1365982097563134	1374
471	1.1384367573772072	1376
472	1.1402753049981011	1376
473	1.142113852618995	1377
474	1.1439524002398889	1378
475	1.1457909478607826	1378
476	1.1476294954816766	1378
477	1.1494680431025703	1379
478	1.151306590723464	1380
479	1.153145138344358	1381
480	1.1549836859652518	1381
481	1.1568222335861458	1381
482	1.1586607812070395	1381
483	1.1604993288279335	1382
484	1.1623378764488272	1382
485	1.1641764240697212	1386
486	1.166014971690615	1386
487	1.167853519311509	1388
488	1.1696920669324027	1388
489	1.1715306145532967	1390
490	1.1733691621741904	1392
491	1.1752077097950844	1393
492	1.1770462574159781	1394
493	1.178884805036872	1395
494	1.1807233526577658	1396
495	1.1825619002786598	1397
496	1.1844004478995536	1398
497	1.1862389955204475	1398
498	1.1880775431413413	1399
499	1.1899160907622353	1399
500	1.191754638383129	1399
501	1.1935931860040228	1400
502	1.1954317336249167	1400
503	1.1972702812458105	1400
504	1.1991088288667044	1400
505	1.2009473764875982	1400
506	1.2027859241084922	1401
507	1.204624471729386	1401
508	1.2064630193502799	1401
509	1.2083015669711736	1401
510	1.2101401145920676	1402
511	1.2119786622129614	1402
512	1.2138172098338553	1402
513	1.215655757454749	1403
514	1.217494305075643	1403
515	1.2193328526965368	1403
516	1.2211714003174308	1404
517	1.2230099479383245	1404
518	1.2248484955592185	1406
519	1.2266870431801122	1407
520	1.2285255908010062	1407
521	1.2303641384219	1407
522	1.232202686042794	1408
523	1.2340412336636877	1409
524	1.2358797812845814	1411
525	1.2377183289054754	1411
526	1.2395568765263691	1413
527	1.2413954241472631	1413
528	1.2432339717681569	1413
529	1.2450725193890508	1414
530	1.2469110670099446	1414
531	1.2487496146308386	1415
532	1.2505881622517323	1416
533	1.2524267098726263	1416
534	1.25426525749352	1416
535	1.256103805114414	1416
536	1.2579423527353077	1416
537	1.2597809003562017	1416
538	1.2616194479770955	1416
539	1.2634579955979894	1417
540	1.2652965432188832	1417
541	1.2671350908397772	1419
542	1.268973638460671	1420
543	1.2708121860815649	1421
544	1.2726507337024586	1421
545	1.2744892813233526	1421
546	1.2763278289442463	1421
547	1.2781663765651403	1421
548	1.280004924186034	1421
549	1.281843471806928	1421
550	1.2836820194278218	1421
551	1.2855205670487158	1421
552	1.2873591146696095	1421
553	1.2891976622905035	1421
554	1.2910362099113972	1421
555	1.2928747575322912	1421
556	1.294713305153185	1421
557	1.296551852774079	1421
558	1.2983904003949727	1421
559	1.3002289480158664	1421
560	1.3020674956367604	1421
561	1.3039060432576541	1422
562	1.305744590878548	1423
563	1.3075831384994419	1423
564	1.3094216861203358	1423
565	1.3112602337412296	1423
566	1.3130987813621235	1424
567	1.3149373289830173	1424
568	1.3167758766039113	1424
569	1.318614424224805	1425
570	1.320452971845699	1426
571	1.3222915194665927	1427
572	1.3241300670874867	1427
573	1.3259686147083805	1427
574	1.3278071623292744	1427
575	1.3296457099501682	1427
576	1.3314842575710621	1427
577	1.333322805191956	1427
578	1.3351613528128499	1427
579	1.3369999004337436	1427
580	1.3388384480546376	1427
581	1.3406769956755313	1427
582	1.342515543296425	1427
583	1.344354090917319	1427
584	1.3461926385382128	1429
585	1.3480311861591068	1429
586	1.3498697337800005	1430
587	1.3517082814008945	1430
588	1.3535468290217882	1430
589	1.3553853766426822	1430
590	1.357223924263576	1430
591	1.35906247188447	1430
592	1.3609010195053637	1430
593	1.3627395671262577	1430
594	1.3645781147471514	1430
595	1.3664166623680454	1430
596	1.3682552099889391	1430
597	1.370093757609833	1430
598	1.3719323052307268	1430
599	1.3737708528516208	1430
600	1.3756094004725146	1430
601	1.3774479480934085	1430
602	1.3792864957143023	1430
603	1.3811250433351963	1430
604	1.38296359095609	1431
605	1.384802138576984	1431
606	1.3866406861978777	1431
607	1.3884792338187715	1431
608	1.3903177814396654	1431
609	1.3921563290605592	1431
610	1.3939948766814532	1431
611	1.395833424302347	1431
612	1.3976719719232409	1431
613	1.3995105195441346	1431
614	1.4013490671650286	1431
615	1.4031876147859224	1431
616	1.4050261624068163	1431
617	1.40686471002771	1431
618	1.408703257648604	1431
619	1.4105418052694978	1431
620	1.4123803528903918	1431
621	1.4142189005112855	1431
622	1.4160574481321795	1431
623	1.4178959957530732	1431
624	1.4197345433739672	1431
625	1.421573090994861	1432
626	1.423411638615755	1432
627	1.4252501862366487	1432
628	1.4270887338575426	1432
629	1.4289272814784364	1432
630	1.4307658290993301	1432
631	1.4326043767202241	1432
632	1.4344429243411179	1432
633	1.4362814719620118	1432
634	1.4381200195829056	1432
635	1.4399585672037996	1432
636	1.4417971148246933	1432
637	1.4436356624455873	1432
638	1.445474210066481	1432
639	1.447312757687375	1432
640	1.4491513053082687	1432
641	1.4509898529291627	1432
642	1.4528284005500565	1432
643	1.4546669481709504	1432
644	1.4565054957918442	1432
645	1.4583440434127382	1432
646	1.460182591033632	1432
647	1.4620211386545259	1432
648	1.4638596862754196	1432
649	1.4656982338963136	1432
650	1.4675367815172073	1432
651	1.4693753291381013	1432
652	1.471213876758995	1432
653	1.4730524243798888	1432
654	1.4748909720007828	1432
655	1.4767295196216765	1432
656	1.4785680672425705	1432
657	1.4804066148634643	1432
658	1.4822451624843582	1432
659	1.484083710105252	1432
660	1.485922257726146	1433
661	1.4877608053470397	1433
662	1.4895993529679337	1433
663	1.4914379005888274	1433
664	1.4932764482097214	1433
665	1.4951149958306151	1433
666	1.496953543451509	1433
667	1.4987920910724029	1433
668	1.5006306386932968	1433
669	1.5024691863141906	1433
670	1.5043077339350845	1433
671	1.5061462815559783	1433
672	1.5079848291768723	1433
673	1.509823376797766	1433
674	1.51166192441866	1433
675	1.5135004720395537	1433
676	1.5153390196604475	1433
677	1.5171775672813415	1433
678	1.5190161149022352	1434
679	1.5208546625231292	1434
680	1.522693210144023	1435
681	1.524531757764917	1435
682	1.5263703053858106	1435
683	1.5282088530067046	1435
684	1.5300474006275984	1435
685	1.5318859482484923	1436
686	1.533724495869386	1437
687	1.53556304349028	1437
688	1.5374015911111738	1437
689	1.5392401387320678	1438
690	1.5410786863529615	1438
691	1.5429172339738555	1438
692	1.5447557815947492	1438
693	1.5465943292156432	1438
694	1.548432876836537	1438
695	1.550271424457431	1438
696	1.5521099720783247	1438
697	1.5539485196992187	1438
698	1.5557870673201124	1438
699	1.5576256149410062	1438
700	1.5594641625619001	1438
701	1.5613027101827939	1438
702	1.5631412578036878	1438
703	1.5649798054245816	1438
704	1.5668183530454756	1438
705	1.5686569006663693	1438
706	1.5704954482872633	1438
707	1.572333995908157	1438
708	1.574172543529051	1438
709	1.5760110911499448	1438
710	1.5778496387708387	1438
711	1.5796881863917325	1438
712	1.5815267340126264	1438
713	1.5833652816335202	1438
714	1.5852038292544142	1438
715	1.587042376875308	1438
716	1.5888809244962019	1438
717	1.5907194721170956	1438
718	1.5925580197379896	1438
719	1.5943965673588834	1438
720	1.5962351149797773	1438
721	1.598073662600671	1438
722	1.5999122102215648	1438
723	1.6017507578424588	1438
724	1.6035893054633525	1438
725	1.6054278530842465	1438
726	1.6072664007051403	1438
727	1.6091049483260342	1438
728	1.610943495946928	1438
729	1.612782043567822	1438
730	1.6146205911887157	1438
731	1.6164591388096097	1438
732	1.6182976864305034	1438
733	1.6201362340513974	1438
734	1.6219747816722911	1438
735	1.6238133292931851	1438
736	1.6256518769140789	1438
737	1.6274904245349728	1438
738	1.6293289721558666	1438
739	1.6311675197767606	1438
740	1.6330060673976543	1438
741	1.6348446150185483	1438
742	1.636683162639442	1438
743	1.638521710260336	1438
744	1.6403602578812297	1438
745	1.6421988055021235	1438
746	1.6440373531230175	1438
747	1.6458759007439112	1438
748	1.6477144483648052	1438
749	1.649552995985699	1438
750	1.651391543606593	1438
751	1.6532300912274867	1438
752	1.6550686388483806	1438
753	1.6569071864692744	1438
754	1.6587457340901683	1438
755	1.660584281711062	1438
756	1.662422829331956	1438
757	1.6642613769528498	1438
758	1.6660999245737438	1438
759	1.6679384721946375	1438
760	1.6697770198155315	1438
761	1.6716155674364253	1438
762	1.6734541150573192	1438
763	1.675292662678213	1438
764	1.677131210299107	1438
765	1.6789697579200007	1438
766	1.6808083055408947	1438
767	1.6826468531617884	1438
768	1.6844854007826824	1438
769	1.6863239484035761	1438
770	1.6881624960244699	1438
771	1.6900010436453639	1438
772	1.6918395912662576	1438
773	1.6936781388871516	1438
774	1.6955166865080453	1438
775	1.6973552341289393	1438
776	1.699193781749833	1438
777	1.701032329370727	1438
778	1.7028708769916208	1438
779	1.7047094246125147	1438
780	1.7065479722334085	1438
781	1.7083865198543025	1438
782	1.7102250674751962	1438
783	1.7120636150960902	1438
784	1.713902162716984	1438
785	1.715740710337878	1438
786	1.7175792579587716	1439
787	1.7194178055796656	1439
788	1.7212563532005594	1439
789	1.7230949008214533	1439
790	1.724933448442347	1439
791	1.726771996063241	1439
792	1.7286105436841348	1439
793	1.7304490913050286	1439
794	1.7322876389259225	1439
795	1.7341261865468163	1439
796	1.7359647341677102	1439
797	1.737803281788604	1439
798	1.739641829409498	1439
799	1.7414803770303917	1439
800	1.7433189246512857	1439
801	1.7451574722721794	1439
802	1.7469960198930734	1439
803	1.7488345675139672	1439
804	1.7506731151348611	1439
805	1.7525116627557549	1439
806	1.7543502103766488	1439
807	1.7561887579975426	1439
808	1.7580273056184366	1439
809	1.7598658532393303	1439
810	1.7617044008602243	1439
811	1.763542948481118	1439
812	1.765381496102012	1439
813	1.7672200437229058	1439
814	1.7690585913437997	1439
815	1.7708971389646935	1439
816	1.7727356865855872	1439
817	1.7745742342064812	1439
818	1.776412781827375	1439
819	1.778251329448269	1439
820	1.7800898770691627	1439
821	1.7819284246900566	1439
822	1.7837669723109504	1439
823	1.7856055199318444	1439
824	1.787444067552738	1439
825	1.789282615173632	1439
826	1.7911211627945258	1439
827	1.7929597104154198	1439
828	1.7947982580363135	1439
829	1.7966368056572075	1439
830	1.7984753532781013	1439
831	1.8003139008989952	1439
832	1.802152448519889	1439
833	1.803990996140783	1439
834	1.8058295437616767	1439
835	1.8076680913825707	1439
836	1.8095066390034644	1439
837	1.8113451866243584	1439
838	1.8131837342452521	1439
839	1.815022281866146	1439
840	1.8168608294870399	1439
841	1.8186993771079336	1439
842	1.8205379247288276	1439
843	1.8223764723497213	1439
844	1.8242150199706153	1439
845	1.826053567591509	1439
846	1.827892115212403	1439
847	1.8297306628332968	1439
848	1.8315692104541907	1439
849	1.8334077580750845	1439
850	1.8352463056959785	1439
851	1.8370848533168722	1439
852	1.8389234009377662	1439
853	1.84076194855866	1439
854	1.842600496179554	1439
855	1.8444390438004477	1439
856	1.8462775914213416	1439
857	1.8481161390422354	1439
858	1.8499546866631293	1439
859	1.851793234284023	1439
860	1.853631781904917	1439
861	1.8554703295258108	1439
862	1.8573088771467046	1439
863	1.8591474247675985	1439
864	1.8609859723884923	1439
865	1.8628245200093863	1439
866	1.86466306763028	1439
867	1.866501615251174	1439
868	1.8683401628720677	1439
869	1.8701787104929617	1439
870	1.8720172581138554	1439
871	1.8738558057347494	1439
872	1.8756943533556432	1439
873	1.8775329009765371	1439
874	1.8793714485974309	1439
875	1.8812099962183249	1439
876	1.8830485438392186	1439
877	1.8848870914601126	1439
878	1.8867256390810063	1439
879	1.8885641867019003	1439
880	1.890402734322794	1439
881	1.892241281943688	1439
882	1.8940798295645818	1439
883	1.8959183771854757	1439
884	1.8977569248063695	1439
885	1.8995954724272632	1439
886	1.9014340200481572	1439
887	1.903272567669051	1439
888	1.905111115289945	1439
889	1.9069496629108387	1439
890	1.9087882105317326	1439
891	1.9106267581526264	1439
892	1.9124653057735204	1439
893	1.9143038533944141	1439
894	1.916142401015308	1439
895	1.9179809486362018	1439
896	1.9198194962570958	1439
897	1.9216580438779896	1439
898	1.9234965914988835	1439
899	1.9253351391197773	1439
900	1.9271736867406712	1439
901	1.929012234361565	1439
902	1.930850781982459	1439
903	1.9326893296033527	1439
904	1.9345278772242467	1439
905	1.9363664248451404	1439
906	1.9382049724660344	1439
907	1.9400435200869282	1439
908	1.941882067707822	1439
909	1.9437206153287159	1439
910	1.9455591629496096	1439
911	1.9473977105705036	1439
912	1.9492362581913973	1439
913	1.9510748058122913	1439
914	1.952913353433185	1439
915	1.954751901054079	1439
916	1.9565904486749728	1439
917	1.9584289962958668	1439
918	1.9602675439167605	1439
919	1.9621060915376545	1439
920	1.9639446391585482	1439
921	1.9657831867794422	1439
922	1.967621734400336	1439
923	1.96946028202123	1439
924	1.9712988296421237	1439
925	1.9731373772630176	1439
926	1.9749759248839114	1439
927	1.9768144725048054	1439
928	1.978653020125699	1439
929	1.980491567746593	1439
930	1.9823301153674868	1439
931	1.9841686629883806	1439
932	1.9860072106092745	1439
933	1.9878457582301683	1439
934	1.9896843058510623	1439
935	1.991522853471956	1439
936	1.99336140109285	1439
937	1.9951999487137437	1439
938	1.9970384963346377	1439
939	1.9988770439555315	1439
940	2.000715591576425	1439
941	2.002554139197319	1439
942	2.004392686818213	1439
943	2.006231234439107	1439
944	2.0080697820600006	1439
945	2.0099083296808944	1439
946	2.0117468773017886	1439
947	2.0135854249226823	1439
948	2.015423972543576	1439
949	2.01726252016447	1439
950	2.019101067785364	1439
951	2.0209396154062578	1439
952	2.0227781630271515	1439
953	2.0246167106480453	1439
954	2.0264552582689395	1439
955	2.028293805889833	1439
956	2.030132353510727	1439
957	2.0319709011316207	1439
958	2.0338094487525145	1439
959	2.0356479963734087	1439
960	2.0374865439943024	1439
961	2.039325091615196	1439
962	2.04116363923609	1439
963	2.043002186856984	1439
964	2.044840734477878	1439
965	2.0466792820987716	1439
966	2.0485178297196653	1439
967	2.0503563773405595	1439
968	2.0521949249614533	1439
969	2.054033472582347	1439
970	2.055872020203241	1439
971	2.057710567824135	1439
972	2.0595491154450287	1439
973	2.0613876630659225	1439
974	2.063226210686816	1439
975	2.0650647583077104	1439
976	2.066903305928604	1439
977	2.068741853549498	1439
978	2.0705804011703917	1439
979	2.0724189487912854	1439
980	2.0742574964121796	1439
981	2.0760960440330734	1439
982	2.077934591653967	1439
983	2.079773139274861	1439
984	2.081611686895755	1439
985	2.083450234516649	1439
986	2.0852887821375425	1439
987	2.0871273297584363	1439
988	2.0889658773793305	1439
989	2.0908044250002242	1439
990	2.092642972621118	1439
991	2.0944815202420117	1439
992	2.096320067862906	1439
993	2.0981586154837997	1439
994	2.0999971631046934	1439
995	2.101835710725587	1439
996	2.1036742583464814	1439
997	2.105512805967375	1439
998	2.107351353588269	1439
999	2.1091899012091626	1439
1000	2.111028448830057	1440
